Participant,trigger_no,fzd_hands0_fingerTip_coordinates_x,fzd_hands0_fingerTip_coordinates_y,fzd_hands0_fingerTip_coordinates_z,eyegaze_new_coordinates_x,eyegaze_new_coordinates_y,angle_center,Buidling_half_width,eyegaze_new_coordinates_x_without_tablet_&_road_gazes,eyegaze_new_coordinates_y_without_tablet_&_road_gazes,angle_center_scaled,Buidling_half_width_scaled
18,50.0,-0.36226442,-0.0886846,-0.33945379,365.36,-141.77,14.244789598709888,5.278985168235418,365.36,-141.77,31.310047537964333,11.60320939978145
18,50.0,-0.3367106,-0.08270829,-0.28142312,369.65,-152.98,14.393428086294168,5.331237060208965,369.65,-152.98,31.63675493367458,11.718059058339303
18,50.0,-0.31850344,-0.07866086,-0.24340816,380.78999999999996,-147.89,14.588248236629777,5.384497346701405,380.78999999999996,-147.89,32.06496962411225,11.835125168049688
18,50.0,-0.32794246,-0.08151731,-0.2476591,392.49,-151.03,14.785907792838316,5.438782286648312,392.49,-151.03,32.49942532865862,11.954443466052991
18,50.0,-0.3352502,-0.08689252,-0.28357872,403.76,-152.34,14.885940046659556,5.494119456299958,403.76,-152.34,32.7192962225577,12.076074564947307
18,51.0,-0.3207095,-0.17841282,-0.27496153,-435.99,-95.29000000000002,-14.495930592034316,4.253278881502712,-435.99,-95.29000000000002,-31.862055441291428,9.34870698154296
18,51.0,-0.29805481,-0.19088213,-0.2467733,-435.58000000000004,-100.38,-14.63304029417783,4.288119883607803,-435.58000000000004,-100.38,-32.16342256660287,9.425287504169953
18,51.0,-0.28829437,-0.18864731,-0.23654728,-472.97,-130.9,-14.869878589294338,4.323477143487083,-472.97,-130.9,-32.683993139268956,9.503002761384609
18,51.0,-0.29366976,-0.17553416,-0.24634776,-468.14,-136.41,-14.915192038817652,4.359390051801074,-468.14,-136.41,-32.7835921013212,9.58193933385876
18,51.0,-0.31024337,-0.15389651,-0.27646893,-359.74,-140.92,-15.044669361719787,4.395813548530292,-359.74,-140.92,-33.06818325706009,9.661998179669583
18,52.0,-0.32155779,-0.11834634,-0.29390821,-262.63,-113.27000000000001,-11.66013101836688,4.266826611045248,-262.63,-113.27000000000001,-25.6289679783704,9.378484891077456
18,52.0,-0.30244526,-0.14243942,-0.25849113,-267.8,-122.38999999999999,-11.70629508268668,4.295811644144107,-267.8,-122.38999999999999,-25.73043659174532,9.442193993828749
18,52.0,-0.29199728,-0.15688924,-0.24003947,-329.78,-180.12,-11.794789373385893,4.3251702599469315,-329.78,-180.12,-25.92494704270219,9.506724231363357
18,52.0,-0.289455,-0.15906036,-0.23470157,-339.68,-193.9,-11.925752293736256,4.354887179527951,-339.68,-193.9,-26.21280354163229,9.572042020602437
18,52.0,-0.28939179,-0.14320877,-0.24571532,-344.55,-205.43,-11.975903922064864,4.385012834603543,-344.55,-205.43,-26.323036820698572,9.638258210458588
18,53.0,-0.29099867,-0.17306551,-0.28358567,-444.36,-157.46,-15.289576390577109,4.353217920469693,-444.36,-157.46,-33.60648890648849,9.568372989192387
18,53.0,-0.26203248,-0.20699546,-0.25222677,-448.65,-170.92,-15.47982743202874,4.389394453838623,-448.65,-170.92,-34.02466069559917,9.647889009537291
18,53.0,-0.25657609,-0.21212076,-0.23842488,-454.0,-177.29,-15.6316827648054,4.426136617282376,-454.0,-177.29,-34.35843871704227,9.72864828478666
18,53.0,-0.26025128,-0.20386884,-0.23842756,-507.62,-203.46,-15.801844692631098,4.46342237672515,-507.62,-203.46,-34.732454634403155,9.810602384041879
18,53.0,-0.26709464,-0.18656091,-0.25679514,-505.90999999999997,-207.32,-15.94473710883351,4.50123504372737,-505.90999999999997,-207.32,-35.04653216521605,9.893714626112759
18,54.0,-0.37814558,-0.1236593,-0.30376658,157.51999999999998,-161.46,7.064671096289063,3.762615457681079,,,15.52814706964336,8.27022877598301
18,54.0,-0.36282149,-0.14254479,-0.25699127,167.10000000000002,-184.84,7.101462056560315,3.782048374222522,,,15.609013600319573,8.312942326541103
18,54.0,-0.3590064,-0.14641145,-0.23189081,169.64999999999998,-192.33,7.138771113443879,3.801674426336806,,,15.691018907349646,8.3560803890883
18,54.0,-0.36108267,-0.1492676,-0.22240733,170.14,-194.49,7.17621299136165,3.821498937207558,,,15.773316155012907,8.399654663982211
18,54.0,-0.35950249,-0.14893124,-0.22256969,171.14,-189.69,7.117157898528816,3.8415353026744077,,,15.643513060966338,8.443694595278348
18,55.0,-0.30766201,-0.18290411,-0.23915814,-143.29000000000002,-132.64,-7.425946217237456,2.8948971868876785,,,-16.322229785487927,6.362984016779118
18,55.0,-0.30264708,-0.18780631,-0.23314863,-136.12,-167.35,-7.46299330305151,2.90865379148161,,,-16.40365928010722,6.393221033676579
18,55.0,-0.29228407,-0.19841737,-0.22548307,-136.82,-166.81,-7.500562948541072,2.9225406473575752,,,-16.486237360893277,6.4237443428919505
18,55.0,-0.28862694,-0.2040934,-0.22435617,-136.29000000000002,-167.06,-7.5382719881800995,2.9365656904604878,,,-16.56912183001986,6.454571387632151
18,55.0,-0.289812,-0.19905913,-0.22091502,-131.91000000000003,-156.96,-7.576599222071795,2.9507153102078734,,,-16.653365090113805,6.485672251836905
18,56.0,-0.34276533,-0.10806005,-0.24091706,53.039999999999964,-119.38999999999999,10.879952448718816,3.956983839309832,,,23.914135482283957,8.69745047880301
18,56.0,-0.3323465,-0.11221789,-0.21457307,53.73000000000002,-126.03999999999999,10.967988000514831,3.988390640747534,,,24.1076376251316,8.76648262836308
18,56.0,-0.32830957,-0.11536925,-0.21240655,54.41999999999996,-127.16999999999999,10.960427553378267,4.020266862277248,,,24.09101976232543,8.83654656328539
18,56.0,-0.32856324,-0.11254589,-0.22536907,55.08000000000004,-131.8,11.092130114333145,4.052649147527713,,,24.38050199130425,8.907722826265914
18,56.0,-0.34550664,-0.10887443,-0.26845151,61.47000000000003,-126.72,11.184534269753618,4.085535590368877,,,24.583606324918453,8.98000722763079
18,57.0,-0.39614576,-0.13373837,-0.23589076,200.16999999999996,-192.29,6.947436741871728,2.529028765520162,,,15.270465958634059,5.558805226613316
18,57.0,-0.39825088,-0.14302693,-0.22264969,204.16999999999996,-197.86,6.942687055351876,2.5420912541280076,,,15.260026147663424,5.587516576573361
18,57.0,-0.40647659,-0.1465801,-0.21455251,204.89,-197.95,7.076089057037229,2.5552933331616603,,,15.553243747367828,5.61653474628933
18,57.0,-0.40794706,-0.1474423,-0.21191467,202.66999999999996,-198.08,7.056641610957666,2.5686363922969324,,,15.51049826088495,5.645862790268657
18,57.0,-0.40488431,-0.14695749,-0.2129239,193.27999999999997,-196.96,7.093891046228136,2.582111870644058,,,15.592372519609443,5.6754818916756395
18,58.0,-0.38344076,-0.11173113,-0.25316882,240.46000000000004,-221.67,10.530663540583257,5.784819046427116,254.23000000000002,-243.76,23.146398462201997,12.715032264046801
18,58.0,-0.37307435,-0.11889616,-0.22250628,248.42999999999995,-234.59,10.615182732942804,5.83012064726125,254.23000000000002,-243.76,23.332171647008284,12.814605182680227
18,58.0,-0.36702123,-0.12059186,-0.21126133,254.23000000000002,-243.76,10.701254096916367,5.876102196122849,254.23000000000002,-243.76,23.521356505022172,12.915672627078022
18,58.0,-0.36251998,-0.11875071,-0.2092126,254.0,-247.22,10.844984855716291,5.922778514948246,254.0,-247.22,23.83727671286441,13.018267175856245
18,58.0,-0.36214772,-0.11969749,-0.2108105,107.77999999999997,-162.37,10.934074277133972,5.970182656464281,254.0,-247.22,24.03309526114047,13.122461478908487
18,59.0,-0.38851985,-0.13695826,-0.23914009,171.89,-228.96,7.1616344349499785,2.5224067164449595,,,15.741272488020053,5.544249962746021
18,59.0,-0.38852003,-0.1458119,-0.21983394,185.66999999999996,-243.6,7.101144340793366,2.535382840397284,,,15.608315261063817,5.572771483193231
18,59.0,-0.38912711,-0.15078388,-0.21442145,105.13999999999999,-169.65,7.179127955053157,2.5484916957833432,,,15.779723245206839,5.601584747331789
18,59.0,-0.38919276,-0.15102975,-0.21324128,103.70000000000005,-166.92000000000002,7.272759149890788,2.5617284547397716,,,15.985524611459953,5.630679143518019
18,59.0,-0.3713536,-0.14517242,-0.21903041,114.29999999999995,-151.59,7.310699980141333,2.5751072429085715,,,16.06891855635065,5.660085719913039
18,60.0,-0.39010495,-0.08879752,-0.31296003,316.90999999999997,-224.14,10.607596501105556,3.9799354520453902,316.90999999999997,-224.14,23.315497109430012,8.747898123595766
18,60.0,-0.37974039,-0.09704657,-0.25514409,322.82000000000005,-226.81,10.693944849028163,4.011676285777615,322.82000000000005,-226.81,23.505290778163904,8.8176644761392
18,60.0,-0.36085895,-0.10354627,-0.22126032,333.75,-226.23,10.781680247803509,4.043879547269762,333.75,-226.23,23.698133184672113,8.888447244898941
18,60.0,-0.3569808,-0.10583133,-0.21291339,335.32000000000005,-235.85,10.87086498249699,4.076612671307858,335.32000000000005,-235.85,23.894161231528383,8.960394651534674
18,60.0,-0.35697269,-0.10652145,-0.22200841,348.28999999999996,-233.73,10.946639883574882,4.1098589369227705,348.28999999999996,-233.73,24.06071446409759,9.033469943356252
18,61.0,-0.38557988,-0.11658274,-0.26614451,225.47000000000003,-183.72,8.856290694098423,4.213108321846809,-620.0,-394.5,19.466126945628332,9.260412091419285
18,61.0,-0.37428796,-0.12178775,-0.2330334,224.44000000000005,-194.59,8.911551216644837,4.239282467807026,-620.0,-394.5,19.58758957418535,9.317942864239846
18,61.0,-0.37018234,-0.12620428,-0.21845157,228.70000000000005,-204.42,8.967501362446642,4.265775517924209,-620.0,-394.5,19.71056799465772,9.376174588397411
18,61.0,-0.36971763,-0.12770039,-0.21320249,-620.0,-394.5,9.140328794189125,4.301599981313036,-620.0,-394.5,20.090442689627697,9.454916758926052
18,61.0,-0.36034891,-0.12807417,-0.22143061,36.700000000000045,-164.37,9.19863929384753,4.3288623552294245,-620.0,-394.5,20.21860916787687,9.514839456794274
18,62.0,-0.38708934,-0.07659474,-0.27149692,427.0899999999999,-184.2,13.14270715328705,4.9098726663240715,427.0899999999999,-184.2,28.887670322924937,10.791900120580308
18,62.0,-0.37909901,-0.08134196,-0.23439045,418.19000000000005,-255.4,13.21898207835178,4.967285682473727,418.19000000000005,-255.4,29.055322608217214,10.91809393007725
18,62.0,-0.37089896,-0.08505653,-0.21450509,430.26,-260.71,13.288354914286822,5.0062717593513435,430.26,-260.71,29.207804101602434,11.003785327054254
18,62.0,-0.37181789,-0.08824933,-0.21956488,431.0,-275.4,13.396824199286526,5.040842208691067,431.0,-275.4,29.44621959003178,11.079771174702964
18,62.0,-0.37559426,-0.08741809,-0.24458848,446.70000000000005,-262.51,13.490669667723385,5.085994252651026,446.70000000000005,-262.51,29.652491929655998,11.179015367326954
18,63.0,-0.36470148,-0.33453965,-0.24111421,492.98,357.80999999999995,-44.03963310273764,10.33866240912418,,,-96.79911355981733,22.724379975254948
18,63.0,-0.37020874,-0.33603999,-0.23984739,347.53999999999996,433.53999999999996,-45.10689169887365,10.525617164626254,,,-99.14494795412429,23.135306527848506
18,63.0,-0.37216952,-0.33836916,-0.24168918,0.0,0.0,-46.23724914629639,10.890172494909109,,,-101.62947362355946,23.93659914381022
18,63.0,-0.37466061,-0.33869699,-0.24233314,444.8499999999999,346.34000000000003,-47.328339429521066,11.19594903754799,,,-104.0276900660873,24.608695984530478
18,63.0,-0.37811866,-0.33747867,-0.24180488,451.4200000000001,356.61,-48.11961967932234,11.43777886786205,,,-105.7669240551505,25.140237951560785
18,64.0,-0.35483325,-0.20246817,-0.26610044,-313.45,-148.84,-12.115417657224507,3.814974376184624,-313.45,-148.84,-26.629688010579464,8.385313678853805
18,64.0,-0.34667525,-0.24844262,-0.24494876,158.70000000000005,55.74000000000001,-12.117686156546846,3.840913699940076,-313.45,-148.84,-26.634674172089966,8.442328312468288
18,64.0,-0.34478319,-0.28701285,-0.23859055,487.93000000000006,378.99,-12.279616440908345,3.8730451388319302,-313.45,-148.84,-26.990596937116543,8.512953215152583
18,64.0,-0.34760851,-0.3146596,-0.23511159,469.8800000000001,347.72,-12.437456837046378,3.9176797001160306,-313.45,-148.84,-27.33753012782794,8.611059980855035
18,64.0,-0.34707138,-0.32689276,-0.23561598,455.1400000000001,331.72,-12.5257553642535,3.9449459981513835,-313.45,-148.84,-27.531610290629192,8.670991303936741
18,65.0,-0.25845909,-0.1902431,-0.24288994,-196.20999999999998,-179.43,-8.750239975705902,3.4591782260624098,,,-19.233027466601573,7.603273740885177
18,65.0,-0.25098979,-0.19957386,-0.23169017,-201.26999999999998,-220.08,-8.78017371990467,3.480687839422443,,,-19.298821836350466,7.6505518710505305
18,65.0,-0.24914944,-0.19801544,-0.22774889,-205.99,-225.62,-8.828420819922135,3.4984832366547747,,,-19.404868962188853,7.689666154167195
18,65.0,-0.25018731,-0.19558947,-0.22910708,-205.86,-230.87,-8.861791797500363,3.5225141463186467,,,-19.478218370905797,7.7424860936083855
18,65.0,-0.25026149,-0.18288177,-0.23496221,-200.37,-234.25,-8.834212743351351,3.540739667034991,,,-19.41759960988627,7.782545788142911
18,66.0,-0.36849427,-0.105058,-0.24680299,292.96000000000004,-198.13,9.487721224273573,3.5699823315429535,292.96000000000004,-198.13,20.854011250953313,7.846821164731413
18,66.0,-0.36584702,-0.10615258,-0.23395909,298.38,-213.0,9.561019351122932,3.592128437637999,298.38,-213.0,21.015120533768204,7.895498305928322
18,66.0,-0.36359626,-0.10781331,-0.22616431,300.11,-221.73,9.640315870079114,3.6230123918101707,300.11,-221.73,21.18941428243389,7.963381237198755
18,66.0,-0.3609089,-0.10737629,-0.22195922,355.46000000000004,-223.37,9.733627613588661,3.6543996685912483,355.46000000000004,-223.37,21.394513494667876,8.032370471563564
18,66.0,-0.36035848,-0.10872364,-0.21981189,356.55999999999995,-219.02,9.780213214183723,3.677556329941931,356.55999999999995,-219.02,21.49690864477582,8.083268813212365
18,67.0,-0.27928615,-0.18893179,-0.28023326,-345.67,-168.18,-13.985839309057047,4.353039099721308,-345.67,-168.18,-30.74087480130739,9.567979941187437
18,67.0,-0.25061941,-0.21063024,-0.25080079,-346.63,-172.66,-14.131477938694838,4.386156803717884,-346.63,-172.66,-31.060988509251253,9.64077265457191
18,67.0,-0.23472422,-0.21574822,-0.23505293,-357.75,-220.22,-14.261170667796282,4.427293777308265,-357.75,-220.22,-31.346053127816226,9.731191722523565
18,67.0,-0.2294056,-0.21997753,-0.23055096,-361.37,-220.41,-14.42433777166785,4.4652875462663015,-361.37,-220.41,-31.704694422125932,9.814702026693332
18,67.0,-0.23261778,-0.21902269,-0.23180231,-351.81,-205.7,-14.562044690423132,4.503904483677362,-351.81,-205.7,-32.007374229550045,9.899582055122842
18,68.0,-0.2670078,-0.22178468,-0.2544519,-323.99,-176.92,-12.232802381854023,3.8942569580301765,-323.99,-176.92,-26.887699635315144,8.559576793750326
18,68.0,-0.25819963,-0.23682533,-0.24197643,-325.2,-189.21,-12.384781476812389,3.9242191083825295,-325.2,-189.21,-27.22174968603363,8.625433600224799
18,68.0,-0.25137126,-0.24679385,-0.23172905,-327.68,-192.02,-12.44443587262036,3.954614576645323,-327.68,-192.02,-27.35287004801955,8.692242839466418
18,68.0,-0.25215065,-0.25076836,-0.23189898,-298.65,-251.46,-12.554956213550112,3.982357482947447,-298.65,-251.46,-27.595793757383145,8.753221747518488
18,68.0,-0.24982049,-0.23059353,-0.24015974,-298.65,-247.04,-12.523372129407212,4.013646952222303,-298.65,-247.04,-27.526371940437052,8.821996000984623
18,69.0,-0.34883159,-0.09165081,-0.2657226,387.77,-268.71,12.07179653268346,4.556719528205402,387.77,-268.71,26.533808778838246,10.015669522995475
18,69.0,-0.33325133,-0.09337961,-0.23861757,391.48,-274.65,12.11214998297,4.593908416663899,391.48,-274.65,26.62250566256806,10.097410699827249
18,69.0,-0.32060972,-0.09093227,-0.22638039,397.90999999999997,-272.95,12.1869161201224,4.657203955919844,397.90999999999997,-272.95,26.786841632029034,10.236534295111815
18,69.0,-0.31864995,-0.09158859,-0.22521952,-589.0,-376.0,12.412639575941476,4.704670179501466,-589.0,-376.0,27.282981787919365,10.340865054544222
18,69.0,-0.32392088,-0.09364356,-0.23808031,275.33000000000004,-270.61,12.545816730545322,4.74863399792464,275.33000000000004,-270.61,27.57570517373862,10.437497527438357
18,70.0,-0.37173176,-0.09644914,-0.2909508,331.05999999999995,-250.54,10.708253516599338,3.994932700224371,331.05999999999995,-250.54,23.536741229485344,8.780862075093168
18,70.0,-0.35227895,-0.09967323,-0.25107279,335.0,-261.18,10.772754081267182,4.027012858066105,335.0,-261.18,23.678513470625266,8.8513742620293
18,70.0,-0.34507215,-0.10012944,-0.24175783,344.4,-258.28,10.812094165466576,4.0563078627799385,344.4,-258.28,23.76498297569553,8.915764682390304
18,70.0,-0.33373269,-0.097852,-0.2285362,318.05999999999995,-276.86,10.940933764370932,4.09268261589245,318.05999999999995,-276.86,24.048172414087308,8.995716389731605
18,70.0,-0.33771041,-0.09933743,-0.23967722,328.98,-282.27,11.003061665687444,4.126295013874984,328.98,-282.27,24.184729541181,9.069596440497211
18,71.0,-0.33753651,-0.17098646,-0.31612599,-58.75999999999999,-42.660000000000025,-11.593679962332144,3.7368754748083233,,,-25.482908557206052,8.213652293628693
18,71.0,-0.29752365,-0.20917882,-0.27223712,520.8599999999999,307.63,-11.68864792531262,3.764633703328544,,,-25.691648139837138,8.27466487991614
18,71.0,-0.27904913,-0.23356624,-0.24947694,553.45,324.1,-11.80135900592327,3.7928048198078916,,,-25.93938709501935,8.336584993937745
18,71.0,-0.26834464,-0.24304453,-0.24095365,564.49,322.61,-11.962226341476404,3.8270881864026824,,,-26.292973498565136,8.411939833713095
18,71.0,-0.26236421,-0.23750262,-0.24192375,569.6500000000001,326.65999999999997,-12.033912560226375,3.8531957886082813,,,-26.45053980737757,8.469324343361002
18,72.0,-0.39194137,-0.13373649,-0.38552105,-287.86,-93.36000000000001,-12.917013204642364,4.129894283723771,-287.86,-93.36000000000001,-28.391595023803916,9.077507635624848
18,72.0,-0.32706118,-0.17698099,-0.31756875,-331.9,-154.91000000000003,-13.01593301472849,4.166691267668194,-331.9,-154.91000000000003,-28.609020766373224,9.15838740633469
18,72.0,-0.27746627,-0.21486515,-0.27331629,-335.86,-167.56,-13.17620755661639,4.20068061428523,-335.86,-167.56,-28.961304209442826,9.233095990198937
18,72.0,-0.24827735,-0.21309023,-0.25277302,-345.63,-165.48,-13.245289224207516,4.231719705806273,-345.63,-165.48,-29.11314571480812,9.301319913362189
18,72.0,-0.24156412,-0.22363895,-0.23979966,-345.8,-165.99,-13.463032054862259,4.27016496974101,-345.8,-165.99,-29.591744456587243,9.385822603490737
18,73.0,-0.39711395,-0.38438609,-0.42359585,164.40999999999997,-45.52000000000001,37.5904168165988,1.4877806908351907,675.06,140.57999999999998,82.62373616288416,3.2701419584557456
18,73.0,-0.39723754,-0.38486072,-0.4243657,675.06,140.57999999999998,36.968667909918246,1.4903934866794906,675.06,140.57999999999998,81.2571320660003,3.275884883721524
18,73.0,-0.39844692,-0.38546625,-0.42607793,883.3399999999999,188.57999999999998,36.41715170093046,1.4930290742215284,883.3399999999999,188.57999999999998,80.04489943864515,3.2816779051389204
18,73.0,-0.39880061,-0.38687405,-0.42594662,884.56,178.14999999999998,35.77856982657991,1.4956880567492803,884.56,178.14999999999998,78.64129647882264,3.2875223487349174
18,73.0,-0.40111035,-0.3869091,-0.42934969,916.1199999999999,168.95999999999998,35.210559686864876,1.4983683714310274,916.1199999999999,168.95999999999998,77.392810191729,3.2934136804053935
18,73.0,-0.39503059,-0.38677022,-0.42138034,199.42999999999995,-26.78,21.340617100835136,1.5724323176018373,916.1199999999999,168.95999999999998,46.90667638763563,3.456206234088839
18,73.0,-0.39583516,-0.38772392,-0.42232391,165.03999999999996,-38.74000000000001,20.694189083680435,1.576096684508494,916.1199999999999,168.95999999999998,45.48582760592959,3.464260512549668
18,73.0,-0.39699885,-0.38318911,-0.42481509,161.41999999999996,-29.50999999999999,19.951392316748134,1.5798261731713819,916.1199999999999,168.95999999999998,43.853160312212395,3.4724579286306962
18,73.0,-0.39739832,-0.38490856,-0.42515987,161.91999999999996,-24.25999999999999,19.148173239436407,1.5836208258263547,916.1199999999999,168.95999999999998,42.08768478028122,3.480798575166329
18,73.0,-0.39570877,-0.38518438,-0.42262423,321.92999999999995,-69.66999999999999,18.53087898141635,1.587476556534952,321.92999999999995,-69.66999999999999,40.73087200115314,3.489273471263825
18,73.0,-0.36868581,-0.13049935,-0.27000508,148.07000000000005,-215.26,5.199716176317545,2.049835355357607,321.92999999999995,-69.66999999999999,11.428976155545964,4.505538111076021
18,73.0,-0.35439065,-0.13820991,-0.24495548,150.07000000000005,-213.14,5.222415075031086,2.058521108443805,321.92999999999995,-69.66999999999999,11.478868334918326,4.524629396359483
18,73.0,-0.3482137,-0.14043757,-0.23140568,156.89,-214.66,5.267709261279675,2.067280065209218,321.92999999999995,-69.66999999999999,11.578424956292725,4.54388158332986
18,73.0,-0.34658757,-0.14024742,-0.22809952,156.76999999999998,-212.59,5.325055529679362,2.076109108446095,321.92999999999995,-69.66999999999999,11.704472054235236,4.5632878203645175
18,73.0,-0.34774047,-0.13602434,-0.238333,123.75,-144.68,5.405266490738433,2.08501052833894,321.92999999999995,-69.66999999999999,11.880775746643076,4.58285314128899
18,74.0,-0.35831979,-0.12214673,-0.24931021,154.70000000000005,-225.8,7.034757196362791,2.4334083922591883,,,15.462396317605414,5.348631646185696
18,74.0,-0.35544401,-0.12841438,-0.2313066,150.82000000000005,-229.86,7.070366219505494,2.444985258720241,,,15.540664950473074,5.374077598667089
18,74.0,-0.35522175,-0.1284457,-0.22653858,154.23000000000002,-239.8,7.106577519281821,2.4566630034377606,,,15.620257387381441,5.399745281556197
18,74.0,-0.3541249,-0.1318507,-0.21890405,156.86,-240.65,7.143072760527612,2.4684590252800565,,,15.70047392763969,5.4256729375655635
18,74.0,-0.35172212,-0.12833472,-0.21502465,160.79999999999995,-237.51,7.2207721466333625,2.480349682973719,,,15.87125717830013,5.451808603176233
18,75.0,-0.29663917,-0.20176181,-0.28202313,-242.19,-154.86,-9.228298325859289,3.115466054026796,-250.89999999999998,-165.45,-20.283799720238715,6.8477943867508975
18,75.0,-0.28129125,-0.22563262,-0.26465562,-250.89999999999998,-165.45,-9.302213081132798,3.1351482335164222,-250.89999999999998,-165.45,-20.44626435232989,6.8910558172690966
18,75.0,-0.27075246,-0.23596631,-0.25380144,-254.02999999999997,-172.25,-9.30578925521993,3.1550739824473886,-254.02999999999997,-172.25,-20.454124782973405,6.934852613419359
18,75.0,-0.26924998,-0.23520619,-0.25275987,-280.0,-200.69,-9.366068538269811,3.175256071807495,-280.0,-200.69,-20.586618647117046,6.979212845832874
18,75.0,-0.26746893,-0.23325266,-0.25182092,-281.6,-190.71,-9.427126739543944,3.195690581641152,-281.6,-190.71,-20.72082457351759,7.024127898447252
18,76.0,-0.30874315,-0.20614956,-0.26238051,-199.48000000000002,-83.13999999999999,-6.460293392783421,2.1982290135859053,,,-14.199724877337959,4.831707371861819
18,76.0,-0.30589718,-0.22864568,-0.24425095,-194.8,-88.00999999999999,-6.489466130382505,2.208115688597869,,,-14.263846554580745,4.853438283538116
18,76.0,-0.30959314,-0.23617822,-0.23621437,-198.93,-95.05000000000001,-6.518901545793349,2.2180904859913952,,,-14.32854559765378,4.875362888209088
18,76.0,-0.31517616,-0.2451359,-0.23492506,-199.01999999999998,-101.07,-6.533764581717808,2.2281632208827853,,,-14.361214550615742,4.8975027595003615
18,76.0,-0.29493374,-0.2279004,-0.2427751,-204.48000000000002,-115.87,-6.619567153252604,2.238317863041305,,,-14.549808602849224,4.919822662964789
18,77.0,-0.2682077,-0.1888188,-0.25167406,-180.99,-144.69,-6.831270719712997,2.1271450313092664,,,-15.015133041929166,4.675464778817767
18,77.0,-0.26126626,-0.20611955,-0.23464814,-187.29000000000002,-152.12,-6.860992982062354,2.1364056877368154,,,-15.080462574573053,4.69581970164552
18,77.0,-0.25749862,-0.21525046,-0.23025769,-191.89999999999998,-163.67000000000002,-6.9315061704313985,2.145742450802614,,,-15.235450562608214,4.716341906864146
18,77.0,-0.25466219,-0.21916026,-0.23076101,-199.3,-173.01999999999998,-6.905491389133351,2.1551636433966785,,,-15.178270073315105,4.737049688185898
18,77.0,-0.25494903,-0.22016376,-0.2314108,-193.86,-177.14999999999998,-6.95184791478091,2.1646585073465565,,,-15.28016171668844,4.757919399147731
18,78.0,-0.37396291,-0.10136693,-0.25263584,196.27999999999997,-328.21,8.753336903733487,2.9719210870063137,,,19.239834514406205,6.532282549239877
18,78.0,-0.3697786,-0.1037883,-0.23107438,199.22000000000003,-338.01,8.809083081597505,2.9898131878938097,,,19.362364613351314,6.571609386990593
18,78.0,-0.364822,-0.10320316,-0.22393037,205.02999999999997,-335.57,8.865739316723523,3.007917688461086,,,19.486895018158304,6.6114030792374665
18,78.0,-0.36282912,-0.10208102,-0.22361137,216.04999999999995,-330.38,8.922922881971404,3.026234140365346,,,19.612584494573145,6.65166264052303
18,78.0,-0.36749771,-0.10191918,-0.23493321,229.76999999999998,-325.99,8.981046817707098,3.044770275545491,,,19.7403409053202,6.692405065648989
18,79.0,-0.3943201,-0.13110247,-0.26126617,-59.610000000000014,-277.59000000000003,-9.754362979292125,3.1582035686327057,,,-21.44008982848409,6.941731443854686
18,79.0,-0.39747703,-0.15106305,-0.23847027,-62.42999999999995,-292.69,-9.817755066548688,3.17834824401525,,,-21.579425636274017,6.98600944034552
18,79.0,-0.4017083,-0.16292921,-0.22472328,-66.10000000000002,-300.65999999999997,-9.978616808002691,3.1987433499752624,,,-21.932999743989914,7.030837883245628
18,79.0,-0.40298393,-0.16518749,-0.21848008,-44.22000000000003,-296.73,-9.987320289567695,3.219402689592337,,,-21.952129996469793,7.076247111723957
18,79.0,-0.38311157,-0.15874289,-0.22632076,-19.75,-288.85,-10.012571953858268,3.2403036128603544,,,-22.007633154580475,7.122187341067059
18,80.0,-0.3073383,-0.15462646,-0.27970389,-343.31,-177.1,-10.858348577527295,5.142842948444608,-343.31,-177.1,-23.86665017340499,11.303968800681249
18,80.0,-0.28174424,-0.17984168,-0.24875531,-349.82,-188.04,-10.8943199014745,5.1789978719362795,-349.82,-188.04,-23.94571514344095,11.383437322515942
18,80.0,-0.27068827,-0.18955366,-0.23532973,-397.73,-215.18,-10.972074303121344,5.215665212945886,-397.73,-215.18,-24.116619318260714,11.464032138055057
18,80.0,-0.26494691,-0.18811108,-0.2301442,-365.40999999999997,-210.6,-11.0511007977003,5.252823970499827,-365.40999999999997,-210.6,-24.29031955334526,11.545707087158622
18,80.0,-0.27035242,-0.17883952,-0.23739183,-332.77,-204.23,-11.171780356625744,5.2904968714154395,-332.77,-204.23,-24.555573223863384,11.628512123371134
18,81.0,-0.28490204,-0.18389112,-0.26918507,-427.99,-173.6,-13.733452359697838,4.3935534285687865,-427.99,-173.6,-30.186128286615848,9.657030435994194
18,81.0,-0.26813817,-0.19892794,-0.25848305,-436.66999999999996,-184.64,-13.857514089802251,4.431536949306898,-436.66999999999996,-184.64,-30.45881596938535,9.740518214576563
18,81.0,-0.26393682,-0.21046294,-0.25219831,-438.15,-189.09,-13.983754306062046,4.470104532150912,-438.15,-189.09,-30.736291964724376,9.825289761667706
18,81.0,-0.26209268,-0.20826112,-0.24697961,-435.43,-178.98,-14.112063183843665,4.509324235035308,-435.43,-178.98,-31.018314878088376,9.911494668607608
18,81.0,-0.26666316,-0.19249806,-0.24762014,-435.07,-174.3,-14.18711863394992,4.549205003456097,-435.07,-174.3,-31.183286757421925,9.9991525975965
18,82.0,-0.39046335,-0.10034108,-0.27935651,232.65999999999997,-254.75,7.622057165555117,2.67828430745284,-569.75,-389.0,16.75328164989015,5.886868907781342
18,82.0,-0.37890926,-0.11000168,-0.24593888,240.52999999999997,-260.6,7.722071753028255,2.6929332102712333,-569.75,-389.0,16.973113713156106,5.919067196176171
18,82.0,-0.36931837,-0.11408338,-0.22736864,246.54999999999995,-262.99,7.726018091813617,2.7077396940676515,-569.75,-389.0,16.98178776580633,5.951611847560697
18,82.0,-0.36896688,-0.11541359,-0.22668464,166.64999999999998,-221.91,7.7554001450296255,2.7226945063515786,-569.75,-389.0,17.046369518775116,5.98448252496077
18,82.0,-0.37014523,-0.10950119,-0.2378888,-569.75,-389.0,7.856954393977333,2.7378235539546676,-569.75,-389.0,17.26958575796218,6.01773617159236
18,83.0,-0.38752833,-0.09359443,-0.29109937,230.45000000000005,-275.28999999999996,8.81846111919686,3.0952021276315502,251.48000000000002,-289.83,19.382977539994698,6.8032542765341475
18,83.0,-0.3759537,-0.10009657,-0.2557463,241.76999999999998,-284.05,8.821258706617865,3.1146552157300005,251.48000000000002,-289.83,19.389126637146067,6.8460121641745415
18,83.0,-0.36595258,-0.10260268,-0.24441062,251.48000000000002,-289.83,8.97761795140664,3.13434900333034,251.48000000000002,-289.83,19.73280425719179,6.8892991093200875
18,83.0,-0.36573938,-0.10272475,-0.26584631,262.17999999999995,-299.24,8.997550962244123,3.1542970830305004,262.17999999999995,-299.24,19.776617015012583,6.93314498850104
18,83.0,-0.38903749,-0.10307791,-0.32169762,270.44000000000005,-300.13,9.058827478162414,3.1744791755046697,270.44000000000005,-300.13,19.911302797000985,6.977505227759263
18,84.0,-0.35722017,-0.09793264,-0.25369015,291.23,-279.71,11.955862660249903,3.9817168139504697,291.23,-279.71,26.278986127229285,8.751813557063132
18,84.0,-0.35296455,-0.09737919,-0.24401088,300.26,-288.93,12.003829864931218,4.013221122646764,300.26,-288.93,26.384418043118817,8.821060027577586
18,84.0,-0.35374624,-0.09295214,-0.23769981,303.70000000000005,-297.12,12.012727994140837,4.0452195025927065,303.70000000000005,-297.12,26.40397613112156,8.891392466698768
18,84.0,-0.34700182,-0.09593353,-0.23744844,-645.25,-388.5,12.120094114238103,4.0776769875511665,-645.25,-388.5,26.63996686309535,8.962734018637466
18,84.0,-0.34506795,-0.10516204,-0.24946558,-82.05999999999995,-172.88,12.285719680025712,4.110627314457596,-645.25,-388.5,27.004011856696515,9.035158837177796
18,85.0,-0.39516097,-0.13465247,-0.24966969,542.3800000000001,395.03999999999996,6.429314177564024,2.402078512992035,,,14.131632562285724,5.2797685715564935
18,85.0,-0.3915765,-0.14398113,-0.22680438,547.6800000000001,384.37,6.459015587914341,2.4127366276114834,,,14.196916262235721,5.303195107490041
18,85.0,-0.38677284,-0.15255529,-0.22095998,575.51,432.64,6.573295932629062,2.4258949129141905,,,14.448104459918678,5.33211701858539
18,85.0,-0.38394967,-0.15240408,-0.22741444,585.54,428.69000000000005,6.658244700413784,2.4367590720532495,,,14.634821851509496,5.355996440373041
18,85.0,-0.38246036,-0.14700064,-0.24822764,58.440000000000055,403.20000000000005,6.619711909321624,2.4477250713590517,,,14.550126776688929,5.3800997068471945
18,86.0,-0.37957948,-0.12630408,-0.26095149,184.47000000000003,-264.77,7.430324815275835,2.7945680990600303,,,16.331853943976284,6.142460681733946
18,86.0,-0.37369981,-0.13823459,-0.23084633,184.22000000000003,-268.47,7.523201154953954,2.8105313102202896,,,16.53599613858879,6.177547819864196
18,86.0,-0.36446938,-0.14434092,-0.21380603,187.65999999999997,-264.83,7.598920186935259,2.8283069678998576,,,16.7024265708837,6.216618715443887
18,86.0,-0.35869017,-0.14484397,-0.20820302,190.33000000000004,-260.76,7.63331408375353,2.8446638590680275,,,16.77802435609026,6.252571162231524
18,86.0,-0.3550947,-0.14278582,-0.21975861,189.39,-264.04,7.6751694502743195,2.859541627503609,,,16.870022451702955,6.285272497252933
18,87.0,-0.38171083,-0.09467679,-0.27599049,211.85000000000002,-290.5,8.985174639537185,3.3914023288374486,,,19.74941385770273,7.454302318784711
18,87.0,-0.37435472,-0.10349575,-0.24197514,214.72000000000003,-293.18,9.085498434966352,3.4123852377108603,,,19.96992556005604,7.500422752488471
18,87.0,-0.36688185,-0.10887232,-0.21999742,217.96000000000004,-296.98,9.124434683689076,3.4407823444952563,,,20.055507434748588,7.562839593200573
18,87.0,-0.35717949,-0.11156377,-0.2121754,221.54999999999995,-289.38,9.129718298456174,3.4623763204857627,,,20.06712082000667,7.610303152427706
18,87.0,-0.35789418,-0.11006416,-0.2151532,222.26999999999998,-273.74,9.32318117371107,3.4842398163018578,,,20.492352219816933,7.658359116231484
18,88.0,-0.34559399,-0.08012465,-0.24231382,228.30999999999995,-275.17,11.088188344721704,4.294428128466842,289.73,-227.38,24.371837981698306,9.43915302637012
18,88.0,-0.35058838,-0.08374805,-0.23204744,289.73,-227.38,11.192673200617557,4.3313601135229725,289.73,-227.38,24.60149569495739,9.520329529523494
18,88.0,-0.35260433,-0.08273598,-0.22973478,290.5,-312.86,11.237400209713524,4.365144942310574,290.5,-312.86,24.699805660950325,9.594588583198643
18,88.0,-0.35687929,-0.08513853,-0.24062181,304.16999999999996,-300.57,11.527765057872749,4.410916987841814,304.16999999999996,-300.57,25.338027597204302,9.695195539276305
18,88.0,-0.35723025,-0.09040422,-0.26780149,314.5,-292.39,11.640208944435024,4.44581366967351,314.5,-292.39,25.58517925986818,9.771898445942373
18,89.0,-0.38623545,-0.1172896,-0.24175294,152.65999999999997,-221.56,6.789531085968142,3.2700986946106174,,,14.923389326957976,7.187676930754137
18,89.0,-0.39066431,-0.1219371,-0.23014921,157.20000000000005,-215.62,6.768458556703372,3.286997380033889,,,14.877071907634011,7.224820241314489
18,89.0,-0.3902559,-0.12260804,-0.22664854,158.38,-204.0,6.88147664673927,3.305781313501379,,,15.125485669532916,7.266107327076031
18,89.0,-0.38204429,-0.12499086,-0.23476778,168.0,-194.37,6.955122720031499,3.321301450616015,,,15.287359738629235,7.3002205884540015
18,89.0,-0.36886764,-0.12488713,-0.25207081,167.30999999999995,-190.93,6.990452133276008,3.3369532127264723,,,15.365013788940667,7.334623161572785
18,90.0,-0.41504261,-0.15113088,-0.24752836,24.57000000000005,-303.89,5.340542245553584,2.1078727973472136,,,11.738511855726777,4.633104408569174
18,90.0,-0.41893905,-0.16534023,-0.23365262,14.539999999999964,-339.0,5.328542731263321,2.117440437062741,,,11.712136923316779,4.654134080663905
18,90.0,-0.42039126,-0.16966385,-0.22719623,10.330000000000041,-337.51,5.341681999001976,2.1253353435814004,,,11.741017033806342,4.671487085191918
18,90.0,-0.42326218,-0.16840801,-0.22729029,20.970000000000027,-330.02,5.374829714102801,2.1350605638969284,,,11.813875711597957,4.69286311944545
18,90.0,-0.42351598,-0.16628647,-0.22835948,29.480000000000018,-310.93,5.44426049155225,2.14308760182191,,,11.966484560431846,4.710506548804559
18,91.0,-0.29346496,-0.17799172,-0.26529634,-386.64,-207.91,-8.35456929644855,2.8169836270789688,-386.64,-207.91,-18.363343313593916,6.191730012319574
18,91.0,-0.27982843,-0.19244424,-0.24377567,-384.73,-210.14,-8.462357104308417,2.8347427225890347,-384.73,-210.14,-18.6002609152699,6.230764504250698
18,91.0,-0.27122539,-0.20034201,-0.23580332,-381.55,-210.62,-8.528457049134719,2.8494288097363007,-381.55,-210.62,-18.745548593998112,6.263044523800389
18,91.0,-0.27262446,-0.20385247,-0.2359803,-403.3,-171.3,-8.57840259285971,2.8659196454245492,-403.3,-171.3,-18.855328899105643,6.29929138064316
18,91.0,-0.27055627,-0.18836291,-0.23602141,-390.05,-169.38,-8.673527751915616,2.882597868641722,-390.05,-169.38,-19.064413998710524,6.335950115274505
18,92.0,-0.29325631,-0.20529927,-0.24306734,-246.94,-196.18,-5.842994833660632,1.9220525557117094,,,-12.842902644386069,4.224671517454338
18,92.0,-0.2849988,-0.20848832,-0.22616613,-238.83999999999997,-196.61,-5.865018648100571,1.930399383133352,,,-12.891310988525055,4.243017844127108
18,92.0,-0.28092122,-0.21093801,-0.21605131,-238.83999999999997,-196.5,-5.765381023971894,1.9365097564188463,,,-12.672307490690223,4.2564484446086235
18,92.0,-0.27920917,-0.21225657,-0.21898024,50.83000000000004,-252.57,-5.720993241827657,1.944980253812758,,,-12.57474314553719,4.275066597880442
18,92.0,-0.28067729,-0.21197237,-0.22319306,60.629999999999995,-258.40999999999997,-5.7262845352145195,1.9535201077132307,,,-12.586373408401514,4.293837196753681
18,93.0,-0.33526301,-0.1792293,-0.29250166,-233.31,-205.14,-5.859170484055276,2.2010020956995904,,,-12.878456723953496,4.8378026063477
18,93.0,-0.3159326,-0.21617757,-0.26516557,-228.87,-213.41,-5.885769097393218,2.2109266199779416,,,-12.936920476070293,4.859616710711515
18,93.0,-0.3019233,-0.23876777,-0.24644011,-227.8,-216.45,-5.940403462696462,2.220944030470777,,,-13.057006811006824,4.881634978974767
18,93.0,-0.29616991,-0.24927562,-0.24120793,-228.56,-215.67,-5.928216238228361,2.2320630639908936,,,-13.030219291625938,4.906074614651986
18,93.0,-0.28831819,-0.25015649,-0.23812741,-218.82999999999998,-212.28,-5.911081895724718,2.242265891590568,,,-12.992558006802929,4.928500429716069
18,94.0,-0.30320802,-0.16295965,-0.28635114,-270.52,-223.7,-7.145205874941978,2.4697054597239667,-270.52,-223.7,-15.705162513122469,5.428412600473278
18,94.0,-0.29142281,-0.18092266,-0.26622894,-267.67,-231.4,-7.247353796347508,2.4809025509846525,-267.67,-231.4,-15.929683644371822,5.453023807064267
18,94.0,-0.28239179,-0.1901712,-0.254787,-268.65,-231.01,-7.287965793107567,2.494725340259077,-268.65,-231.01,-16.018948813250432,5.483406297889451
18,94.0,-0.27679861,-0.18988219,-0.24905224,-263.69,-215.35,-7.325221748602154,2.5074259452236447,-263.69,-215.35,-16.100837403427533,5.51132222760157
18,94.0,-0.27305675,-0.17613396,-0.25101054,-257.24,-201.13,-7.43272404013812,2.520254714541565,-257.24,-201.13,-16.337127440223586,5.53951986256236
18,95.0,-0.35004044,-0.09634789,-0.27855685,255.39,-283.37,10.403389801502152,3.991984752579364,255.39,-283.37,22.86665078370173,8.774382486169443
18,95.0,-0.33837655,-0.09930202,-0.2546804,259.65,-293.64,10.576855006674442,4.020701634481426,259.65,-293.64,23.247927304670423,8.837502192590176
18,95.0,-0.32938081,-0.09894828,-0.24193159,295.03999999999996,-295.84000000000003,10.634243223721397,4.053109182654541,295.03999999999996,-295.84000000000003,23.37406660573963,8.908733983474683
18,95.0,-0.32772511,-0.10079801,-0.24164301,304.15999999999997,-291.54,10.76053947006457,4.089325772165603,304.15999999999997,-291.54,23.651665755201925,8.988338047219996
18,95.0,-0.33279705,-0.1026608,-0.24694316,313.99,-284.73,10.90311028054425,4.122760163375701,313.99,-284.73,23.96503639663626,9.06182683909979
18,96.0,-0.30319196,-0.22159392,-0.31128493,-274.19,-159.17,-10.65551318689689,4.781240549409182,-274.19,-159.17,-23.420817984799363,10.509166727601379
18,96.0,-0.29834804,-0.23467977,-0.29615724,-277.2,-163.67,-10.733944104174938,4.8168221189828175,-277.2,-163.67,-23.593209140976512,10.587375017524234
18,96.0,-0.2963464,-0.23868187,-0.29012135,-304.48,-202.11,-10.813526623797596,4.8529185159082235,-304.48,-202.11,-23.768131519107115,10.666714897966273
18,96.0,-0.29612148,-0.24025515,-0.28590772,-289.79,-205.26,-10.894285982929643,4.8895405713975535,-289.79,-205.26,-23.945640590479357,10.747210175931823
18,96.0,-0.28952211,-0.23476525,-0.28591156,-283.41,-201.69,-10.976248151928255,4.926699409421838,-283.41,-201.69,-24.125793437938302,10.828885301909198
18,97.0,-0.22797215,-0.15181497,-0.30497018,395.46000000000004,36.97999999999999,13.550448849737254,4.556831930372386,395.46000000000004,36.97999999999999,29.783886571722483,10.015916582958504
18,97.0,-0.24856597,-0.13865747,-0.26946285,408.46000000000004,26.340000000000003,13.62310168960975,4.597019973240509,408.46000000000004,26.340000000000003,29.943577513762232,10.10424990118264
18,97.0,-0.27266768,-0.12939146,-0.26573196,47.66999999999996,-173.84,13.829897684162862,4.637841651167272,408.46000000000004,26.340000000000003,30.39811510978997,10.193975949265662
18,97.0,-0.288111,-0.11515687,-0.26064122,-225.25,-182.91000000000003,13.908259111972647,4.679302813185725,408.46000000000004,26.340000000000003,30.570353528115877,10.285107583382223
18,97.0,-0.29018512,-0.12904727,-0.26609948,-232.2,-176.45,14.120916249259073,4.721453097457335,408.46000000000004,26.340000000000003,31.03777391587144,10.377753908211222
18,98.0,-0.19205613,-0.1790349,-0.32638052,171.23000000000002,-271.02,9.030750284835438,3.525798805990886,,,19.84958912606829,7.749705775567968
18,98.0,-0.19477363,-0.17082201,-0.27675492,167.58000000000004,-284.92,9.060214222223387,3.545514072270808,,,19.914350860447005,7.793039930851236
18,98.0,-0.21379027,-0.1761006,-0.25553221,122.88999999999999,-293.6,9.151155822524471,3.5676447069478914,,,20.114240497908785,7.8416830658714645
18,98.0,-0.21983127,-0.1776849,-0.24910933,130.23000000000002,-279.05,9.240623632274518,3.59228884575973,,,20.310890743739392,7.895850882979887
18,98.0,-0.19535996,-0.19390044,-0.25318602,152.01999999999998,-250.2,9.37559791545779,3.6149593398925597,,,20.607564218176222,7.945680629083847
18,99.0,-0.27075833,-0.1899569,-0.31174594,108.17999999999995,-173.6,6.531425968088799,2.010035138118552,,,14.35607427785918,4.418057233584578
18,99.0,-0.28886428,-0.17979951,-0.26677555,110.60000000000002,-190.34,6.4981728095863796,2.0192336780711577,,,14.282983835470862,4.438275624400404
18,99.0,-0.31192443,-0.17575052,-0.25173092,142.45000000000005,-211.4,6.530644397820614,2.0285177685035185,,,14.35435638640971,4.458682055170734
18,99.0,-0.31969482,-0.17502178,-0.24836947,144.96000000000004,-212.86,6.563440711268564,2.03788577611047,,,14.426442683368304,4.479272935890813
18,99.0,-0.32709152,-0.1752397,-0.24118406,151.14999999999998,-209.09,6.596395713873238,2.0473416821975308,,,14.498877779093377,4.500057017470172
18,100.0,-0.25707331,-0.18998362,-0.26227441,160.76999999999998,-227.75,7.930470916333367,2.3602067349432185,-543.75,-376.75,17.43117507410074,5.1877344034051935
18,100.0,-0.27768338,-0.18206879,-0.24664113,168.84000000000003,-244.02,7.977330649778838,2.372742522651379,-543.75,-376.75,17.534172768213885,5.215288064787731
18,100.0,-0.29352814,-0.17932047,-0.24021254,178.94000000000005,-247.14,7.937633573805773,2.3854214115543577,-543.75,-376.75,17.44691859522509,5.243156262596478
18,100.0,-0.29579735,-0.18352051,-0.24040256,183.15999999999997,-248.34,7.98516667518519,2.3982362560952293,-543.75,-376.75,17.551396352057047,5.271323290897314
18,100.0,-0.2724176,-0.20448196,-0.25136817,-543.75,-376.75,8.03343773587005,2.4111899094021934,-543.75,-376.75,17.65749614344237,5.299795420866022
18,101.0,-0.20683932,-0.24032982,-0.27225286,-292.13,-128.67000000000002,-6.571707446772547,1.9963155750323902,-292.13,-128.67000000000002,-14.444612968006059,4.387901633921193
18,101.0,-0.21547043,-0.24988249,-0.25623852,-305.65,-137.23000000000002,-6.531850085355427,2.005401167198233,-305.65,-137.23000000000002,-14.357006487611228,4.4078717655017154
18,101.0,-0.22553931,-0.25841242,-0.25020778,-312.02,-147.69,-6.629188953873911,2.0145743311069664,-312.02,-147.69,-14.570957320614855,4.428034379773113
18,101.0,-0.23085749,-0.26297885,-0.24833669,-307.72,-150.89,-6.541165576759154,2.022897293627568,-307.72,-150.89,-14.37748193771662,4.446328251393394
18,101.0,-0.23145051,-0.26432028,-0.24844202,-284.21,-137.13,-6.666288704373117,2.0331598716659562,-284.21,-137.13,-14.65250257221211,4.468885397921772
18,104.0,-0.1892207,-0.27665922,-0.37060329,-450.77,-17.24000000000001,-16.011937223387235,5.105107055181496,-450.77,-17.24000000000001,-35.19423801700514,11.22102530728893
18,104.0,-0.17415968,-0.28309807,-0.31851539,-475.27,-18.069999999999993,-16.182791305804738,5.160840501310108,-475.27,-18.069999999999993,-35.569775290158816,11.34352742187962
18,104.0,-0.17052171,-0.28834146,-0.29018658,-530.76,-113.60000000000002,-16.33634801619769,5.217687153852597,-530.76,-113.60000000000002,-35.90729293960252,11.468476364168007
18,104.0,-0.16974458,-0.29477835,-0.280828,-534.1,-113.77999999999997,-16.514490412726087,5.2757055526226395,-534.1,-113.77999999999997,-36.298849927171936,11.596000804664563
18,104.0,-0.16115162,-0.29896638,-0.28260639,-524.4300000000001,-105.95999999999998,-16.71786080791795,5.334947270434186,-524.4300000000001,-105.95999999999998,-36.74585805580366,11.726214100414342
18,105.0,-0.22565678,-0.2113695,-0.3078554,186.51,-205.4,9.192224094180641,2.6708420107454485,,,20.20450855900905,5.870510739618495
18,105.0,-0.23393825,-0.19704084,-0.28374663,189.52999999999997,-217.96,9.25482882969727,2.6867462320623914,,,20.3421137676746,5.9054682180731355
18,105.0,-0.25014362,-0.18948007,-0.2751053,211.91999999999996,-291.64,9.31828458448486,2.702831371238963,,,20.481589516697724,5.940823353983241
18,105.0,-0.25842369,-0.19062002,-0.27533999,212.07000000000005,-300.32,9.382608670932218,2.719100303756203,,,20.622973858709013,5.976582467656134
18,105.0,-0.24896665,-0.192827,-0.27523369,860.49,-969.08,9.447818869756043,2.7355559586235714,,,20.76630587572378,6.012751997054609
18,110.0,-0.24411318,-0.22324869,-0.34201968,252.66999999999996,-208.56,9.836849949134482,3.1893652992350643,252.66999999999996,-208.56,21.62139618819759,7.010224927718671
18,110.0,-0.23585133,-0.20029657,-0.29452351,260.37,-222.68,9.942712460260426,3.211867311079081,260.37,-222.68,21.854081987652414,7.05968434975182
18,110.0,-0.23617017,-0.19486678,-0.27851671,266.08000000000004,-224.8,10.027316619862358,3.2323707039993517,266.08000000000004,-224.8,22.040041930457463,7.104750807390574
18,110.0,-0.2319451,-0.19183129,-0.27180037,269.79999999999995,-226.66,10.165583363167762,3.25540234690399,269.79999999999995,-226.66,22.343952232242742,7.15537435849497
18,110.0,-0.21534953,-0.20922878,-0.27731568,277.73,-227.17000000000002,10.269353017419576,3.2763947457790223,277.73,-227.17000000000002,22.57203793228823,7.201515651222291
18,111.0,-0.19770236,-0.28611797,-0.33531654,-246.77999999999997,-112.32,-9.600202211601715,3.2213853525696416,-273.02,-150.95,-21.10124446110057,7.0806050049480715
18,111.0,-0.19839366,-0.2855759,-0.30219892,-273.02,-150.95,-9.527108215690227,3.246495636983366,-273.02,-150.95,-20.940583858087116,7.135797410089438
18,111.0,-0.19945945,-0.28716144,-0.28846821,-270.05,-156.44,-9.743171211834596,3.2655665072167306,-270.05,-156.44,-21.415490323612442,7.177715182862374
18,111.0,-0.19293259,-0.29079574,-0.28700179,-266.73,-161.53,-9.873938435491961,3.287004786291592,-266.73,-161.53,-21.70291668121133,7.224836520268919
18,111.0,-0.1695976,-0.30164537,-0.30560216,-256.26,-145.39,-9.940141315113623,3.308716867657808,-256.26,-145.39,-21.848430610619744,7.272559675111862
18,114.0,-0.23771137,-0.19684537,-0.26714063,216.30999999999995,-233.32,8.583765224287605,2.8457536616153227,436.74,113.66999999999996,18.867115962984155,6.254966548230479
18,114.0,-0.2541033,-0.19241877,-0.266294,218.73000000000002,-239.18,8.815470245146823,2.8656833377213693,436.74,113.66999999999996,19.376403598832717,6.29877197631157
18,114.0,-0.26317886,-0.18445159,-0.26345292,436.74,113.66999999999996,8.763189080123176,2.8821875700741493,436.74,113.66999999999996,19.261489598110742,6.33504827902298
18,114.0,-0.26044837,-0.18452856,-0.2647875,516.6600000000001,269.48,8.828521606071872,2.9044780922086892,516.6600000000001,269.48,19.405090490145973,6.384042846674698
18,114.0,-0.25145754,-0.19226748,-0.26787966,557.04,371.53,8.886601440240918,2.921420863596809,516.6600000000001,269.48,19.532749965649536,6.421283058185786
18,115.0,-0.24044818,-0.20541824,-0.30737951,127.03999999999996,-202.22,6.670667208210301,2.5777587891645783,,,14.662126523646242,5.665913818583743
18,115.0,-0.2492165,-0.21111235,-0.30274135,129.14,-216.42,6.674229505932814,2.5927191338756383,,,14.669956454040326,5.698796656258653
18,115.0,-0.25572622,-0.21100304,-0.29625615,128.42999999999995,-225.14,6.6618525268312885,2.605083910289547,,,14.642751853975172,5.725974434816423
18,115.0,-0.25526285,-0.2107614,-0.29258344,139.65999999999997,-228.08,6.580624946875845,2.6217695673977937,,,14.464213633233106,5.762649509140351
18,115.0,-0.25260991,-0.21202263,-0.29083622,140.33000000000004,-221.62,6.701243260136951,2.6344195058873616,,,14.729332685781017,5.79045407394042
18,116.0,-0.19666931,-0.27618903,-0.32865465,-359.85,-225.74,-11.36760755289654,3.7149886853579432,-359.85,-225.74,-24.986001401266595,8.16554513041676
18,116.0,-0.19865038,-0.27717116,-0.31317908,0.0,0.0,-11.369075188511692,3.739387760320581,-359.85,-225.74,-24.9892272643487,8.219174297184638
18,116.0,-0.19833125,-0.28141093,-0.30272853,-386.43,-268.5,-11.469244737960718,3.773450061514683,-386.43,-268.5,-25.20939993403766,8.294043235209275
18,116.0,-0.19294831,-0.28643155,-0.29418558,-391.93,-260.01,-11.616350909590482,3.804930437846027,-391.93,-260.01,-25.53273929927988,8.363237102385567
18,116.0,-0.18550357,-0.2876251,-0.29073909,-394.21000000000004,-257.63,-11.737961896972651,3.8369123345334444,-394.21000000000004,-257.63,-25.800040249545887,8.433533311304512
18,117.0,-0.17706534,-0.26393971,-0.30786756,-268.41,-113.06,-10.604786529804835,5.522031117293565,-268.41,-113.06,-23.309320792511027,12.137424395811257
18,117.0,-0.18711841,-0.26107118,-0.29995441,-256.9,-82.0,-10.6949327416705,5.567429933954535,-256.9,-82.0,-23.50746216619176,12.237210994832068
18,117.0,-0.1884826,-0.26059374,-0.29691693,-263.35,-85.86000000000001,-10.859773743862231,5.60931666402399,-263.35,-85.86000000000001,-23.869782689009185,12.32927802752473
18,117.0,-0.18896469,-0.25979844,-0.29404375,-269.6,-87.81,-11.004379941747269,5.651812849855601,-269.6,-87.81,-24.187627111960495,12.422684643982612
18,117.0,-0.1888077,-0.25929335,-0.29288933,161.11,-18.74000000000001,-11.112288597121609,5.694894679433531,-269.6,-87.81,-24.424810336473296,12.517378505394902
18,2.0,-0.37318045,-0.12065884,-0.29327822,252.19000000000005,-229.86,9.74854593642499,1.4438814125853128,252.19000000000005,-229.86,21.427303968262127,3.1736513448625168
18,2.0,-0.35646963,-0.12579633,-0.25223589,251.44000000000005,-230.83,9.783643370295351,1.449675025834324,251.44000000000005,-230.83,21.504448127909182,3.1863857067838453
18,2.0,-0.34701765,-0.12783159,-0.23083888,260.17999999999995,-229.93,9.81913840095865,1.4555188627473399,260.17999999999995,-229.93,21.582466205307114,3.1992304603186525
18,2.0,-0.33993283,-0.13086118,-0.22437046,263.59000000000003,-222.18,9.85499223767033,1.4614064113308984,263.59000000000003,-222.18,21.661272938399385,3.212171292105314
18,2.0,-0.34289852,-0.13664435,-0.2350952,267.90999999999997,-216.63,9.960219615840515,1.4673400333788607,267.90999999999997,-216.63,21.89256271561745,3.2252133933667366
18,4.0,-0.3609418,-0.10567979,-0.2905356,347.07000000000005,-272.01,11.855250595865975,1.839009590514352,347.07000000000005,-272.01,26.05784080971341,4.042143079950545
18,4.0,-0.34138575,-0.11278928,-0.26034084,353.42999999999995,-277.69,11.90816361291478,1.8481933730613083,353.42999999999995,-277.69,26.174143621186687,4.062329033988755
18,4.0,-0.32753101,-0.11500192,-0.24040341,360.70000000000005,-280.12,12.030876817358807,1.857468899773525,360.70000000000005,-280.12,26.443867244554657,4.082716641702207
18,4.0,-0.31992546,-0.11381639,-0.23081803,370.15999999999997,-266.47,12.084885297344398,1.8668311913879307,370.15999999999997,-266.47,26.562577883562987,4.103294958670672
18,4.0,-0.31997076,-0.1168326,-0.2354593,377.67999999999995,-231.6,12.139231858708335,1.8762819601192824,377.67999999999995,-231.6,26.68203162544092,4.124067748342181
18,5.0,-0.3540602,-0.06314998,-0.2832343,462.20000000000005,-196.11,15.069338717822625,2.35431172132627,462.20000000000005,-196.11,33.12240650177413,5.174777163475143
18,5.0,-0.34121406,-0.06862647,-0.25324318,459.71000000000004,-208.99,15.109578141449889,2.367487841604416,459.71000000000004,-208.99,33.21085275490685,5.203738275846506
18,5.0,-0.32904252,-0.06988215,-0.23162666,445.18000000000006,-248.19,15.193462356501144,2.382297036410778,445.18000000000006,-248.19,33.39523025958951,5.236288886030891
18,5.0,-0.32052645,-0.07192558,-0.22241612,452.28,-247.59,15.278396584359658,2.3972718375865334,452.28,-247.59,33.58191569242253,5.269203499015202
18,5.0,-0.3174558,-0.06976429,-0.22142087,454.26,-238.69,15.364071853547625,2.4124194220769466,454.26,-238.69,33.77022993409768,5.302497889725128
18,6.0,-0.36783168,-0.11319617,-0.24971376,320.6,-160.84,10.639024777006641,1.59826928605806,320.6,-160.84,23.384576459860597,3.512995890755615
18,6.0,-0.36491448,-0.10922892,-0.24726741,327.46000000000004,-187.4,10.72717543708164,1.6053204057130381,327.46000000000004,-187.4,23.578331610705444,3.528494251757257
18,6.0,-0.36505842,-0.10977811,-0.24622636,321.39,-208.02,10.769745625684875,1.6124289621563355,321.39,-208.02,23.671900885255354,3.5441188588196244
18,6.0,-0.36884448,-0.10924251,-0.2445066,289.07000000000005,-245.92000000000002,10.812650999105566,1.6195980888801058,289.07000000000005,-245.92000000000002,23.766206896034035,3.559876599358473
18,6.0,-0.36801851,-0.11103027,-0.2413637,289.13,-232.94,10.925199206043601,1.6268322652464065,289.13,-232.94,24.013587854883834,3.5757773190116016
18,7.0,-0.37076002,-0.08312072,-0.26096559,354.46000000000004,-224.02,12.635934174948682,1.568970146333176,354.46000000000004,-224.02,27.7737833165372,3.4485963816403213
18,7.0,-0.37239259,-0.08472275,-0.24012551,361.72,-229.94,12.695346174623005,1.578060938238509,361.72,-229.94,27.904370891821365,3.468577942248242
18,7.0,-0.37493441,-0.08641516,-0.23054756,368.40999999999997,-237.69,12.824535584486219,1.587259268403134,368.40999999999997,-237.69,28.18832921470071,3.4887958719500887
18,7.0,-0.37489513,-0.08646955,-0.22554678,375.08000000000004,-236.13,12.954408844242703,1.5965556182384129,375.08000000000004,-236.13,28.47379063964546,3.5092292488880297
18,7.0,-0.37357169,-0.08660395,-0.22401534,378.98,-229.03,13.015819835142223,1.6059532119681723,378.98,-229.03,28.608771997642606,3.5298851599060406
18,8.0,-0.37057388,-0.10526901,-0.30253738,370.1199999999999,-177.11,12.85299166534892,1.9691810039753852,370.1199999999999,-177.11,28.250875680436927,4.328259846737897
18,8.0,-0.35950947,-0.11120781,-0.26414478,297.62,-168.75,12.913832853401571,1.979653454874743,297.62,-168.75,28.384604611776652,4.351278293814685
18,8.0,-0.34786433,-0.11119631,-0.23979115,197.41999999999996,-154.77,12.975242853708812,1.9902314992152705,297.62,-168.75,28.519583792451968,4.374528835275166
18,8.0,-0.34458008,-0.11437958,-0.23611814,201.25,-140.07,13.037191584530396,2.0009101755620398,297.62,-168.75,28.655747102797807,4.398000565885363
18,8.0,-0.34218949,-0.1245747,-0.25214124,159.10000000000002,-109.41,13.099724299716112,2.011697383153657,297.62,-168.75,28.793194010776013,4.42171084817174
18,9.0,-0.34524637,-0.07429828,-0.24428499,466.52,-228.09,15.134406763938312,2.3785572636290766,466.52,-228.09,33.26542606713641,5.228068865456709
18,9.0,-0.33284694,-0.0771549,-0.22825317,488.78999999999996,-238.48,15.218549299889471,2.3934629713106155,488.78999999999996,-238.48,33.45037136115705,5.2608316109407305
18,9.0,-0.32867435,-0.07486872,-0.22429508,491.96000000000004,-239.88,15.303442864629323,2.408542510497563,491.96000000000004,-239.88,33.63696741645525,5.293976438073644
18,9.0,-0.32442257,-0.07462245,-0.22185972,488.49,-234.27,15.389656935315077,2.4238079972923643,488.49,-234.27,33.82646594382254,5.3275299780486165
18,9.0,-0.31929761,-0.07302672,-0.22408696,478.5899999999999,-215.31,15.476599692726964,2.4392438810677772,478.5899999999999,-215.31,34.017566124613865,5.361458050586975
18,10.0,-0.33034411,-0.07592824,-0.28378978,555.06,-290.61,18.259241545195376,2.9386014519719197,555.06,-290.61,40.13381291633944,6.45904599143428
18,10.0,-0.3182798,-0.07794011,-0.26146021,564.98,-292.54,18.380619693819206,2.9605732860908507,564.98,-292.54,40.40060208701461,6.507340082827692
18,10.0,-0.30249384,-0.07955895,-0.24268419,575.4300000000001,-298.03,18.503500907581984,2.982853238628559,575.4300000000001,-298.03,40.6706949948652,6.556311418505576
18,10.0,-0.29598466,-0.08139053,-0.23522848,585.21,362.03,18.628043507672412,3.0054234818386245,575.4300000000001,-298.03,40.944439629863965,6.605920813081298
18,10.0,-0.29816648,-0.08155504,-0.239425,592.56,401.92999999999995,18.75435555281465,3.028302771617165,575.4300000000001,-298.03,41.222073505086605,6.656209492014529
18,11.0,-0.32248673,-0.06067162,-0.28865609,612.31,347.86,23.610402599465495,3.9859809241147826,,,51.895664913625154,8.761186071204293
18,11.0,-0.3006435,-0.05869087,-0.25496978,611.73,354.33000000000004,23.722832574189763,4.0196414963301486,,,52.142785998069094,8.835172008933668
18,11.0,-0.29020303,-0.05649134,-0.23278026,591.54,385.39,23.99653108032158,4.057586940064663,,,52.744375314546836,8.918576094262129
18,11.0,-0.30208969,-0.06737747,-0.24250446,577.8299999999999,407.20000000000005,24.226368985572254,4.100028684752923,,,53.24955903028781,9.011863049086923
18,11.0,-0.33097348,-0.10583416,-0.28739235,585.3599999999999,423.13,24.496392216430728,4.139241947960745,,,53.843070091714736,9.098053801617716
18,12.0,-0.36336294,-0.09802261,-0.30540055,438.49,-220.11,13.562034071436733,2.075658328609075,438.49,-220.11,29.80935088901794,4.562297006282748
18,12.0,-0.3475444,-0.10709418,-0.26582748,1036.07,-410.71,13.628814674841909,2.087203573493378,438.49,-220.11,29.956134655302513,4.5876734545384465
18,12.0,-0.33455318,-0.10803721,-0.24817485,1012.8,-389.65,13.627089433886926,2.098874805044047,1012.8,-389.65,29.952342575683463,4.613326821486815
18,12.0,-0.32460064,-0.1079423,-0.2346254,1029.67,-386.14,13.695096675187521,2.110661932467237,1029.67,-386.14,30.101822492062173,4.6392349275629865
18,12.0,-0.32355613,-0.10967144,-0.23888399,842.3699999999999,-327.19,13.763772947804927,2.122573812022458,842.3699999999999,-327.19,30.25277293927523,4.6654172388253645
18,13.0,-0.36019745,-0.11110648,-0.26844648,289.88,-173.34,10.42170247149188,1.6721867193377644,289.88,-173.34,22.90690203233915,3.6754664091044074
18,13.0,-0.35267302,-0.11703935,-0.23923804,210.28999999999996,-170.02,10.48939805527438,1.6791695741316097,289.88,-173.34,23.055696925493088,3.690814723941278
18,13.0,-0.35029808,-0.11865167,-0.22918528,213.55999999999995,-170.86,10.50850785292101,1.6877819511455003,289.88,-173.34,23.09770026072038,3.7097447286178102
18,13.0,-0.34571657,-0.11922622,-0.22127022,205.58000000000004,-160.23,10.595043158604764,1.694883206966523,289.88,-173.34,23.28790486261327,3.7253532889124177
18,13.0,-0.34271446,-0.12104754,-0.22586991,306.82000000000005,-148.81,10.643469682722193,1.703650795768139,306.82000000000005,-148.81,23.39434636262338,3.744624449098371
18,14.0,-0.37666181,-0.09118388,-0.26295218,310.94000000000005,-220.52,11.591063537680608,1.8341699651022658,310.94000000000005,-220.52,25.477157655821976,4.031505583294781
18,14.0,-0.36177078,-0.09790818,-0.23303254,315.54999999999995,-224.07,11.621111091639573,1.8425142933728234,315.54999999999995,-224.07,25.54320217942378,4.049846416833466
18,14.0,-0.35880253,-0.09952505,-0.21937159,314.84000000000003,-216.45,11.74772133356877,1.8528153968525336,314.84000000000003,-216.45,25.821491491184155,4.072488242281869
18,14.0,-0.3531912,-0.09838066,-0.21260577,210.19000000000005,-181.81,11.777853545219772,1.8622751916170195,314.84000000000003,-216.45,25.88772209239306,4.093280871174208
18,14.0,-0.35314104,-0.10163964,-0.21730711,127.16999999999996,-153.57,11.796859724761438,1.870865093932279,314.84000000000003,-216.45,25.92949767502564,4.1121614764631484
18,15.0,-0.35702413,-0.08965451,-0.2687906,385.03999999999996,-206.61,13.182722115646065,2.193426971278247,385.03999999999996,-206.61,28.97562321019005,4.8211524828695875
18,15.0,-0.34436882,-0.09267767,-0.23999451,380.3299999999999,-200.17,13.187486681411016,2.20513324425377,380.3299999999999,-200.17,28.986095725741414,4.846882870869788
18,15.0,-0.33909279,-0.09472068,-0.22372222,380.53999999999996,-198.62,13.438195792325706,2.219607782458974,380.53999999999996,-198.62,29.5371543515319,4.878697905844826
18,15.0,-0.33579737,-0.09298212,-0.21926464,379.54999999999995,-186.84,13.589196909956495,2.2315815904802063,379.54999999999995,-186.84,29.869054808084375,4.905016335875494
18,15.0,-0.33865273,-0.09583539,-0.22290961,391.1400000000001,-179.04,13.669354943065322,2.2463984555181744,391.1400000000001,-179.04,30.045242164857576,4.937583805228947
18,16.0,-0.35462496,-0.06300326,-0.26097637,504.9000000000001,-249.51,16.612908408444568,2.7887969941566224,504.9000000000001,-249.51,36.51517268176116,6.1297757931562575
18,16.0,-0.34110147,-0.06197486,-0.24168159,508.52,-247.24,16.70889992147113,2.8070742623143303,508.52,-247.24,36.72616202739354,6.1699492285668995
18,16.0,-0.33881512,-0.06039914,-0.23461482,517.0899999999999,-245.59,16.877849847616567,2.8297131278115257,517.0899999999999,-245.59,37.09751396506121,6.219709454929733
18,16.0,-0.33810046,-0.0592345,-0.23785315,-663.0,-381.5,16.99700934490718,2.84847352202074,-663.0,-381.5,37.35942654010598,6.260944801401587
18,16.0,-0.34668037,-0.06390691,-0.25953338,-908.54,2363.85,17.096578213112657,2.8696051191936043,-663.0,-381.5,37.57827891242162,6.3073920519875415
18,17.0,-0.37029621,-0.10946776,-0.24802522,270.23,-206.46,10.556086432765282,1.3199482610624207,270.23,-206.46,23.20227797921809,2.9012462778152006
18,17.0,-0.36412281,-0.1140603,-0.23199879,280.88,-226.05,10.605335163333168,1.3273159465692448,280.88,-226.05,23.310526689006302,2.9174404505591998
18,17.0,-0.35914966,-0.11572552,-0.22424719,283.86,-221.3,10.645028382411347,1.3334049274161748,283.86,-221.3,23.39777238454014,2.9308240304607516
18,17.0,-0.35713974,-0.1129703,-0.22016248,290.33000000000004,-216.5,10.695093940884316,1.3409151959850494,290.33000000000004,-216.5,23.507816482063728,2.94733160077514
18,17.0,-0.3565661,-0.11420213,-0.21922462,299.09000000000003,-206.65,10.64877145473655,1.3471190165969356,299.09000000000003,-206.65,23.40599965751094,2.960967598480064
18,19.0,-0.34394515,-0.09380618,-0.29941329,367.90999999999997,-284.45,14.329389509071556,2.845338188699043,367.90999999999997,-284.45,31.495998140939278,6.254053338760496
18,19.0,-0.32492816,-0.0976209,-0.26522386,376.61,-289.22,14.408257961144804,2.86333070136385,376.61,-289.22,31.66935099859628,6.293600881597742
18,19.0,-0.30965513,-0.09705468,-0.24001701,78.35000000000002,-176.43,14.408792277610468,2.883374029890728,376.61,-289.22,31.670525426187808,6.3376561176998205
18,19.0,-0.30331448,-0.0971126,-0.23095058,-216.11,-88.45999999999998,14.547170226481066,2.9018171672855475,376.61,-289.22,31.974680157805384,6.378194133693633
18,19.0,-0.31237656,-0.1052032,-0.2409399,-213.60000000000002,-98.01999999999998,14.563184310774897,2.918594261963441,376.61,-289.22,32.00987911508322,6.415070187795642
18,20.0,-0.28875026,-0.27694064,-0.30900082,-366.22,-57.73000000000002,-14.024831922223274,2.1001806105540126,-366.22,-57.73000000000002,-30.826580565046758,4.616196981997719
18,20.0,-0.27829957,-0.2954202,-0.29244542,-380.25,-65.5,-14.107526714588342,2.1142042714899683,-380.25,-65.5,-31.008343718665177,4.647020988734949
18,20.0,-0.27501369,-0.30827945,-0.2753824,-405.48,-61.579999999999984,-14.17772850278785,2.1260281383472526,-405.48,-61.579999999999984,-31.162647249127694,4.6730098480872595
18,20.0,-0.27667147,-0.3218793,-0.26631033,-409.89,-59.44,-14.190744493352364,2.1379648801617295,-409.89,-59.44,-31.191256396388496,4.699246806595481
18,20.0,-0.27220559,-0.32529861,-0.25939301,-410.74,-45.19,-14.20402315078244,2.1500254609588234,-410.74,-45.19,-31.220442885419804,4.725755963187494
18,21.0,-0.28698221,-0.26102278,-0.29253152,-498.9,-101.10000000000002,-16.65934068581166,2.4869618436790795,-498.9,-101.10000000000002,-36.617230827414026,5.466342132406616
18,21.0,-0.26821342,-0.29843885,-0.27766871,-504.44,-98.13999999999999,-16.783412224782616,2.502956873336963,-504.44,-98.13999999999999,-36.889940070072186,5.501499207594646
18,21.0,-0.25404456,-0.31690073,-0.26334614,-647.75,-408.25,-16.95688721274463,2.5175090101067426,-504.44,-98.13999999999999,-37.271238093612695,5.533484804214622
18,21.0,-0.24489647,-0.32508373,-0.25773779,-77.29999999999995,-167.13,-17.016068117278365,2.537158542279112,-504.44,-98.13999999999999,-37.40131772177784,5.576674475929488
18,21.0,-0.22650175,-0.29155988,-0.25991455,-58.460000000000036,-170.82,-17.16293113247283,2.5520775131852433,-504.44,-98.13999999999999,-37.724122629175284,5.609466373981164
18,22.0,-0.3676694,-0.09365965,-0.31030598,320.4,-236.86,13.023032226002792,2.109535019488786,320.4,-236.86,28.624624832754137,4.636757972836353
18,22.0,-0.35732222,-0.09886549,-0.27675188,325.0,-250.33,13.096024386823744,2.1228256316684613,325.0,-250.33,28.78506160223859,4.665970738407278
18,22.0,-0.3392117,-0.09849749,-0.24902849,356.24,-293.71,13.179329941746976,2.1338126084778786,356.24,-293.71,28.968167211959855,4.690120113434379
18,22.0,-0.33604488,-0.09868356,-0.24093889,362.9,-283.43,13.288581204357838,2.1473933973415384,362.9,-283.43,29.208301487178527,4.719970687356701
18,22.0,-0.3399466,-0.11009885,-0.25796863,385.84000000000003,-285.32,13.315886757201332,2.1586213610278024,385.84000000000003,-285.32,29.268319092328525,4.744649751539109
18,23.0,-0.29538721,-0.28603786,-0.29149765,-489.57,-95.77999999999997,-14.018062768728662,2.117703329721481,-489.57,-95.77999999999997,-30.8117019656656,4.654711918727816
18,23.0,-0.28122881,-0.30745763,-0.2732687,-477.24,-111.32,-14.071006467010399,2.1295441986223818,-477.24,-111.32,-30.928072214488857,4.680738148571994
18,23.0,-0.27354142,-0.31374383,-0.26386327,-433.7,-118.01999999999998,-14.077859681244519,2.1427020008987956,-433.7,-118.01999999999998,-30.94313557937545,4.709658997975552
18,23.0,-0.26416707,-0.30875257,-0.2645511,-403.25,-122.54000000000002,-14.148633787114967,2.154796897346886,-403.25,-122.54000000000002,-31.098697064078696,4.7362435803684555
18,23.0,-0.24729127,-0.28069693,-0.27273551,-389.59000000000003,-126.08999999999997,-14.213648783247715,2.1657980852453713,-389.59000000000003,-126.08999999999997,-31.241600025578478,4.760424191369326
18,24.0,-0.33816299,-0.16176341,-0.28280127,33.51999999999998,-216.43,3.8291865639119056,1.159838098238654,,,8.416552067478369,2.549324139928562
18,24.0,-0.33677089,-0.18129961,-0.25770724,66.55999999999995,-218.96,3.8237577878306697,1.1637138530080424,,,8.40461961765181,2.5578430489116775
18,24.0,-0.33477944,-0.19186242,-0.24285269,72.63999999999999,-217.1,3.8085250124544423,1.1680073136933786,,,8.371137977374865,2.5672800754980463
18,24.0,-0.3306708,-0.19630814,-0.23642707,98.75999999999999,-213.87,3.8655047940975824,1.1715472626775896,,,8.496379537426487,2.5750608833653414
18,24.0,-0.32745337,-0.19859925,-0.24599683,98.26999999999998,-188.17,3.8778365447369243,1.1755030932110662,,,8.523484725331759,2.5837557988779234
18,25.0,-0.3361395,-0.0672067,-0.28860068,617.06,-193.09,18.574777889558334,3.1385605765157907,617.06,-193.09,40.82736180124922,6.898556147181708
18,25.0,-0.32470569,-0.06421783,-0.25640351,629.55,-232.45,18.672504665414518,3.158894448669459,629.55,-232.45,41.04216525458111,6.943249998175471
18,25.0,-0.31625161,-0.06465951,-0.2374633,516.6199999999999,-199.2,18.880420254409163,3.1794699240539748,516.6199999999999,-199.2,41.49916371919134,6.988474893070634
18,25.0,-0.3099452,-0.06513406,-0.22936033,539.9300000000001,-227.95999999999998,19.002618993933577,3.200285344694522,539.9300000000001,-227.95999999999998,41.767756548666,7.034227187638557
18,25.0,-0.31435397,-0.06814227,-0.23422493,-559.75,-292.25,19.126537616218503,3.2213380626130883,-559.75,-292.25,42.04012968044827,7.080501061623568
18,26.0,-0.37067056,-0.10809602,-0.29414228,367.13,-243.84,12.63372223490058,2.175334960578672,367.13,-243.84,27.768921472311472,4.781386243351921
18,26.0,-0.36240718,-0.11272632,-0.26260737,375.29999999999995,-249.73000000000002,12.757380901047839,2.185636807166574,375.29999999999995,-249.73000000000002,28.04072322050315,4.80402970215213
18,26.0,-0.34828529,-0.11315646,-0.23121983,299.75,-216.32,12.81558000248089,2.1960257745639904,299.75,-216.32,28.168644845453,4.8268646524916505
18,26.0,-0.34191686,-0.11142176,-0.21900916,304.57000000000005,-205.58,12.83545957391931,2.2054628280068638,304.57000000000005,-205.58,28.212340143474645,4.847607295959087
18,26.0,-0.33708906,-0.11462595,-0.22313993,319.41999999999996,-198.8,12.867833316821267,2.2171000376985024,319.41999999999996,-198.8,28.283497630373144,4.873185882861307
18,27.0,-0.33573288,-0.11608777,-0.27999726,390.13,-217.91,13.808113739055582,2.3272623095945013,390.13,-217.91,30.350233998444168,5.115322556488714
18,27.0,-0.328307,-0.11508317,-0.25176162,388.99,-221.13,13.94151990406006,2.3389787346842255,388.99,-221.13,30.64346074912401,5.141075258835928
18,27.0,-0.31684375,-0.11726484,-0.2339488,395.95000000000005,-219.39,14.009305111839709,2.350799871102744,395.95000000000005,-219.39,30.79245263582368,5.167058116683833
18,27.0,-0.31344521,-0.11713568,-0.22545655,576.51,289.4,14.09895269505835,2.3627477164206567,576.51,289.4,30.98949802373825,5.193319480692603
18,27.0,-0.32276869,-0.12892714,-0.24232225,618.6300000000001,391.29999999999995,14.102035069499516,2.3748032941734856,576.51,289.4,30.996273082759934,5.219817640593321
18,28.0,-0.28980511,-0.26961839,-0.30854648,-498.75,-109.0,-17.338316124304928,2.0503759069324525,-498.75,-109.0,-38.10961884122223,4.50672624343753
18,28.0,-0.25905651,-0.30100799,-0.28524044,-495.01,-100.70999999999998,-17.40687956514995,2.062054565452418,-495.01,-100.70999999999998,-38.26032128419959,4.5323959348644145
18,28.0,-0.24908759,-0.31530425,-0.27435759,-490.85,-103.69999999999999,-17.525412708474132,2.07267359987367,-490.85,-103.69999999999999,-38.520857133226144,4.555736572522324
18,28.0,-0.24172057,-0.31709898,-0.27473903,-474.7,-97.55000000000001,-17.605946707932873,2.085782616684056,-474.7,-97.55000000000001,-38.69787086403645,4.584550191471557
18,28.0,-0.22644426,-0.28206322,-0.27993134,-461.94,-118.38,-17.726466126081043,2.09662316559335,-461.94,-118.38,-38.96277254512613,4.608377717974186
18,29.0,-0.36346138,-0.11796421,-0.28612542,264.27,-231.88,11.112265097506477,1.981701882579281,264.27,-231.88,24.424758684319237,4.35578073790926
18,29.0,-0.34802577,-0.12349334,-0.26706392,267.51,-236.56,11.18170355833282,1.9911898225491713,267.51,-236.56,24.577384421215537,4.376635229963078
18,29.0,-0.33883467,-0.12481105,-0.25487003,279.47,-244.53,11.221333397142459,1.9998894728773609,279.47,-244.53,24.664490806919122,4.395757061384439
18,29.0,-0.33549756,-0.12282227,-0.25244424,297.17999999999995,-241.12,11.268646055670777,2.008662501311769,297.17999999999995,-241.12,24.768484030364366,4.415040177883268
18,29.0,-0.34189478,-0.12675424,-0.26122117,305.90999999999997,-233.7,11.316354150766301,2.01750980304376,305.90999999999997,-233.7,24.87334642338433,4.434486547090184
18,30.0,-0.35384738,-0.10091531,-0.28802723,336.65,-246.66,13.253410402517769,2.3100907725023916,336.65,-246.66,29.130996064734056,5.077579517960258
18,30.0,-0.34170929,-0.10181954,-0.25510207,345.78,-243.82,13.295881127667743,2.3216449772727348,345.78,-243.82,29.2243467186137,5.10297566004547
18,30.0,-0.33143753,-0.10466483,-0.23565495,350.80999999999995,-234.35,13.360374626305475,2.3333179597096088,350.80999999999995,-234.35,29.366103428619432,5.1286328754417205
18,30.0,-0.32539937,-0.10728215,-0.2282823,351.78,-228.72,13.447101608031286,2.3451002423560485,351.78,-228.72,29.556729334452765,5.154530332698595
18,30.0,-0.32832083,-0.11257227,-0.23544975,353.80999999999995,-228.55,13.486047515672752,2.356988583511945,353.80999999999995,-228.55,29.642332439448708,5.180660906559254
18,31.0,-0.34702754,-0.10560873,-0.27182868,280.29999999999995,-279.54,12.382542649724837,3.4581586084208826,280.29999999999995,-279.54,27.21682874409519,7.601032621309098
18,31.0,-0.33906204,-0.10864478,-0.24500777,285.37,-279.93,12.437427105206572,3.4736928416558914,285.37,-279.93,27.337464777244044,7.635176865959648
18,31.0,-0.33282521,-0.11230543,-0.22753197,290.17999999999995,-281.78,12.471273444861101,3.4893611657030865,290.17999999999995,-281.78,27.4118590318047,7.669615842215384
18,31.0,-0.32773453,-0.11404485,-0.22455269,582.3399999999999,352.46000000000004,12.482530163957229,3.505178320940093,290.17999999999995,-281.78,27.436601300377987,7.704381949426326
18,31.0,-0.33007452,-0.11467076,-0.22768989,608.98,394.51,12.53860992792079,3.5211288283858018,290.17999999999995,-281.78,27.559864621569897,7.739441164791993
18,32.0,-0.37020451,-0.11564332,-0.26812738,277.84000000000003,-222.49,10.537417719562262,1.8298214284210514,277.84000000000003,-222.49,23.161244147597852,4.021947499669471
18,32.0,-0.36318147,-0.11996369,-0.24135852,279.53999999999996,-221.46,10.660740267063414,1.8372117080482413,279.53999999999996,-221.46,23.432307107005382,4.038191334290035
18,32.0,-0.35543603,-0.12309882,-0.23208168,276.23,-216.78,10.641226357261568,1.8446563574539026,276.23,-216.78,23.389415533260927,4.054554673683677
18,32.0,-0.35459667,-0.12155578,-0.23028579,-633.0,-378.25,10.661130516912818,1.8521594594341888,-633.0,-378.25,23.433164876174374,4.071046491836347
18,32.0,-0.36276883,-0.12599924,-0.25086629,284.01,-235.93,10.724720023427476,1.8597251813182627,284.01,-235.93,23.572934611493594,4.087675948537541
18,33.0,-0.37694636,-0.09765227,-0.27428576,323.02,-263.11,12.16890682884117,2.1353139036883526,323.02,-263.11,26.747257209792892,4.693419960306999
18,33.0,-0.37400404,-0.10375573,-0.24113539,321.49,-259.44,12.2234050080026,2.145243364465524,321.49,-259.44,26.867044207589718,4.715244915095223
18,33.0,-0.3722477,-0.10568754,-0.22213563,309.28999999999996,-256.31,12.278385545890062,2.155261331481068,309.28999999999996,-256.31,26.987891429866355,4.737264406595386
18,33.0,-0.3698656,-0.10733152,-0.21040678,53.01999999999998,-175.31,12.35562964882995,2.1653689363591377,309.28999999999996,-256.31,27.15767396812823,4.759480922117385
18,33.0,-0.36169979,-0.10658249,-0.21191232,54.950000000000045,-181.97,12.411594003019577,2.175567329031608,309.28999999999996,-256.31,27.280683618637028,4.781896989211473
18,34.0,-0.36086187,-0.09071635,-0.29718238,415.8299999999999,-222.28,13.88195603204185,2.410285642093201,415.8299999999999,-222.28,30.512539358427986,5.297807841320855
18,34.0,-0.34956938,-0.0953944,-0.26343372,428.96000000000004,-234.45,13.94355376841223,2.424002813272666,428.96000000000004,-234.45,30.64793118297008,5.327958183573321
18,34.0,-0.33904111,-0.10290655,-0.24723698,427.8800000000001,-225.6,13.999511157376995,2.435322858455055,427.8800000000001,-225.6,30.770925523914634,5.352839642884209
18,34.0,-0.3359364,-0.10466988,-0.23814429,427.6300000000001,-212.55,14.121523353647813,2.4492927666618156,427.6300000000001,-212.55,31.03910833131789,5.383545501122672
18,34.0,-0.3399502,-0.11075946,-0.24835677,421.25,-180.46,14.141391955797383,2.460836368972533,421.25,-180.46,31.082779518842646,5.408918339001625
18,35.0,-0.32465327,-0.0571074,-0.26246241,555.0899999999999,-217.53,18.10736182126361,3.211019554248434,555.0899999999999,-217.53,39.79998128313741,7.057820980238056
18,35.0,-0.31180587,-0.05740266,-0.23641983,555.29,-217.83,18.136509220856613,3.232191136114638,555.29,-217.83,39.864047267442835,7.104356117179975
18,35.0,-0.30821967,-0.05966371,-0.2295551,563.5899999999999,-226.76,18.277555418881363,3.253620484824789,563.5899999999999,-226.76,40.174066810701234,7.151457825644886
18,35.0,-0.30896816,-0.06046748,-0.22815265,567.95,-235.43,18.398279576096964,3.275306017954284,567.95,-235.43,40.43941850826113,7.199122627463513
18,35.0,-0.30743358,-0.05973109,-0.22577865,613.3399999999999,-248.06,18.56922214060635,3.2950250663418625,613.3399999999999,-248.06,40.81515026505276,7.242465095819412
18,36.0,-0.34539077,-0.08457217,-0.25609466,422.54999999999995,-301.61,15.030414288609272,3.601351723268049,422.54999999999995,-301.61,33.03685060636318,7.915771087743172
18,36.0,-0.32797742,-0.09028308,-0.23183198,429.4100000000001,-302.07,15.081326610645245,3.6184737326312897,429.4100000000001,-302.07,33.148755890198245,7.953405264323573
18,36.0,-0.32511607,-0.09147711,-0.22104409,432.0,-308.27,15.193007388989741,3.639608880118656,432.0,-308.27,33.39423024099945,7.999860318500806
18,36.0,-0.32490689,-0.09090996,-0.22214565,423.54999999999995,-251.04,15.290068489879621,3.6570664086415743,423.54999999999995,-251.04,33.607570540755404,8.038231966194179
18,36.0,-0.32868966,-0.09523565,-0.23544906,419.53,-190.92,15.382048557902488,3.6786029863338543,419.53,-190.92,33.80974273026967,8.085569363961813
18,37.0,-0.33400881,-0.11526322,-0.26183736,347.42999999999995,-213.45,13.642645712161324,2.48370734331466,347.42999999999995,-213.45,29.98653527533059,5.459188740605622
18,37.0,-0.33542964,-0.11361685,-0.24494219,350.73,-214.87,13.758946012650824,2.4983725518410695,350.73,-214.87,30.24216333580651,5.491422868946673
18,37.0,-0.33155012,-0.11446231,-0.236304,355.75,-219.08,13.83872516978904,2.5118431384522335,355.75,-219.08,30.41751792319631,5.521031218318008
18,37.0,-0.33021992,-0.11424538,-0.23270161,358.51,-214.56,13.895583620144365,2.5240904377068665,358.51,-214.56,30.542492797077312,5.547950782079694
18,37.0,-0.32862025,-0.12189497,-0.24981119,356.09000000000003,-194.02,14.0133680157639,2.5378213482235834,356.09000000000003,-194.02,30.801382898649052,5.578131323395436
18,38.0,-0.33494848,-0.10854156,-0.2588903,401.1099999999999,-208.49,15.664622014288419,3.101432691990313,401.1099999999999,-208.49,34.430839187405944,6.816949056994707
18,38.0,-0.33603504,-0.10697147,-0.2522037,404.68000000000006,-214.97,15.767224553054849,3.1172209058522338,404.68000000000006,-214.97,34.65635956761456,6.85165155106321
18,38.0,-0.345081,-0.09885596,-0.25464144,405.99,-220.0,15.913812819416162,3.136708058794939,405.99,-220.0,34.97856057707672,6.894484313231276
18,38.0,-0.34708798,-0.09151145,-0.25470313,413.46000000000004,-220.64,16.017063953264767,3.1546242921300767,413.46000000000004,-220.64,35.205506569275954,6.933864194101908
18,38.0,-0.34384778,-0.08808789,-0.25691167,406.0,-188.38,16.018333418190814,3.170925878931124,406.0,-188.38,35.208296853183406,6.96969508189061
18,39.0,-0.3199175,-0.10758124,-0.23892914,369.98,-195.82,13.433014917963831,2.4440340562544236,369.98,-195.82,29.5257667896845,5.371986855647222
18,39.0,-0.32533658,-0.10806021,-0.23507722,373.70000000000005,-201.87,13.532745460750736,2.455616882249946,373.70000000000005,-201.87,29.744974522730118,5.397445907185382
18,39.0,-0.33449391,-0.10755727,-0.23315369,373.19000000000005,-203.21,13.615848035718559,2.468614520229674,373.19000000000005,-203.21,29.92763398250939,5.426014715464822
18,39.0,-0.34042269,-0.10568581,-0.23204491,375.73,-201.95,13.66951502195045,2.48041881516434,375.73,-201.95,30.04559401824709,5.451960555731217
18,39.0,-0.33738711,-0.10418708,-0.23471484,383.98,-205.71,13.746958163514929,2.494992913863441,383.98,-205.71,30.215814043405814,5.483994424671842
18,40.0,-0.33064467,-0.09724001,-0.25110826,432.93000000000006,-255.02,15.776715697203176,2.9351146091527456,432.93000000000006,-255.02,34.67722110245258,6.4513819109177355
18,40.0,-0.32712787,-0.09424291,-0.23510078,440.51,-256.58000000000004,15.872239592218637,2.951477730305463,440.51,-256.58000000000004,34.88718262369657,6.487348051211409
18,40.0,-0.3278262,-0.09373607,-0.2312108,440.95000000000005,-255.05,16.015891545397032,2.9717106272322127,440.95000000000005,-255.05,35.202929616782676,6.531819958656403
18,40.0,-0.32747152,-0.09295632,-0.2343372,446.79999999999995,-255.72,16.07832017613155,2.9865812980164055,446.79999999999995,-255.72,35.34014774713715,6.56450569304006
18,40.0,-0.33181536,-0.10011196,-0.25684875,450.49,-256.95,16.260210131938756,3.009143703451194,450.49,-256.95,35.73994187000138,6.6140978601857245
18,41.0,-0.36265865,-0.09859174,-0.28499782,343.53,-174.62,13.812067018922377,3.4758328463345407,343.53,-174.62,30.358923307591386,7.639880596243321
18,41.0,-0.34474361,-0.09866779,-0.24137691,349.31999999999994,-175.67,13.923783865520956,3.492052500238117,349.31999999999994,-175.67,30.60447693641506,7.675531395523381
18,41.0,-0.34920761,-0.0959051,-0.23259096,352.1199999999999,-182.6,14.003903257304133,3.512067713924301,352.1199999999999,-182.6,30.780579359554483,7.719524835205611
18,41.0,-0.35335085,-0.09380396,-0.22848967,350.76,-184.5,14.119198517228389,3.5267542732649835,350.76,-184.5,31.033998340868,7.751805892636433
18,41.0,-0.35239631,-0.09426921,-0.22976258,-594.05,225.70000000000005,14.14345758801678,3.5471516901206144,-594.05,225.70000000000005,31.08731977846088,7.79663941488511
18,42.0,-0.29358175,-0.21542798,-0.28270814,-380.65999999999997,-111.86000000000001,-14.796954282386437,1.917045799573435,-380.65999999999997,-111.86000000000001,-32.52370551268539,4.213666667462409
18,42.0,-0.28171045,-0.23851722,-0.27127931,-386.06,-112.00999999999999,-14.87957087880229,1.9250478011443244,-386.06,-112.00999999999999,-32.70529679160743,4.231255066915226
18,42.0,-0.276252,-0.24899949,-0.2640208,-386.94,-105.27999999999997,-14.927062956323367,1.93237042420028,-386.94,-105.27999999999997,-32.80968437799876,4.247350192392215
18,42.0,-0.27450499,-0.25304857,-0.26376298,-379.68,-100.94999999999999,-14.883454567068839,1.939006258503813,-379.68,-100.94999999999999,-32.71383313841731,4.261935756191381
18,42.0,-0.27160197,-0.250476,-0.27362061,-388.61,-122.92000000000002,-14.93099553689108,1.946410771930089,-388.61,-122.92000000000002,-32.818328190086596,4.278210876702335
18,43.0,-0.23210707,-0.27513179,-0.25679147,-463.1,-61.410000000000025,-18.025687526752264,2.2841594046703877,-463.1,-61.410000000000025,-39.620461183801474,5.020582371465512
18,43.0,-0.23154961,-0.30700979,-0.26057246,-471.64,-71.19,-18.143964899319258,2.2991653274186685,-471.64,-71.19,-39.88043484870373,5.0535653896662325
18,43.0,-0.2327866,-0.32550672,-0.26751778,-470.07,-69.60000000000002,-18.252637379539028,2.312959593462648,-470.07,-69.60000000000002,-40.119296960226784,5.083885186430901
18,43.0,-0.22974694,-0.33337936,-0.26955542,186.76,-163.66,-18.32444346896152,2.326901839292905,-470.07,-69.60000000000002,-40.27712674477742,5.114530242765802
18,43.0,-0.22956027,-0.33672279,-0.26738596,234.59000000000003,-184.79,-18.43567149559386,2.3409940782708745,-470.07,-69.60000000000002,-40.5216059473153,5.145504984039384
18,44.0,-0.24437433,-0.2607373,-0.27120921,-450.74,-123.91000000000003,-15.72323979872244,2.001354235735487,-450.74,-123.91000000000003,-34.559681077591925,4.398976610146599
18,44.0,-0.23462096,-0.28352314,-0.26526725,-454.0,-129.88,-15.727800601551174,2.012679609322719,-454.0,-129.88,-34.56970572220948,4.423869781291337
18,44.0,-0.23189799,-0.29567644,-0.26418927,-451.69,-127.79000000000002,-15.843705598350743,2.026425716981863,-451.69,-127.79000000000002,-34.824464905174935,4.454083725926134
18,44.0,-0.2303509,-0.30173939,-0.26362559,-457.52,-124.19,-15.877876209884615,2.038014589771156,-457.52,-124.19,-34.89957190932638,4.479556068316999
18,44.0,-0.22874366,-0.29978126,-0.26355591,-441.74,-109.31,-15.999370031665462,2.0485499380052357,-441.74,-109.31,-35.16661532960069,4.502712763735509
18,45.0,-0.26083821,-0.2577059,-0.27964544,-390.26,-129.17000000000002,-13.470822778133334,1.7915034853171674,-390.26,-129.17000000000002,-29.608868466337068,3.937724660727133
18,45.0,-0.25090611,-0.27792895,-0.2700333,-390.69,-119.11000000000001,-13.41504123798325,1.7982388330994628,-390.69,-119.11000000000001,-29.48626064108718,3.952528955152621
18,45.0,-0.24769133,-0.28179139,-0.26581118,-373.71000000000004,-115.49000000000001,-13.57826138989597,1.8056995729985648,-373.71000000000004,-115.49000000000001,-29.84501853499134,3.968927661450845
18,45.0,-0.24075282,-0.29004645,-0.25790274,-368.12,-116.62,-13.60122174903999,1.811849327470397,-368.12,-116.62,-29.8954854043899,3.982444821779932
18,45.0,-0.23669441,-0.29279235,-0.25777313,-369.57,-113.95999999999998,-13.61294399209994,1.8187282343185087,-369.57,-113.95999999999998,-29.921250894635666,3.9975646590320846
18,46.0,-0.28976282,-0.28078508,-0.26299623,-296.36,-98.49000000000001,-9.731658193775303,1.9966537768855432,-296.36,-98.49000000000001,-21.390184709918117,4.3886450015944245
18,46.0,-0.28716621,-0.29216367,-0.2583023,-294.88,-94.13999999999999,-9.735473801240493,2.0027979776224796,-294.88,-94.13999999999999,-21.398571415126604,4.40214995481421
18,46.0,-0.28651771,-0.29597592,-0.25718835,-296.26,-87.07,-9.721318178667394,2.0083631681592515,-296.26,-87.07,-21.367457356710933,4.414382243614034
18,46.0,-0.28288653,-0.30026719,-0.25220796,-291.01,-74.92000000000002,-9.733141156987633,2.0145779643388892,-291.01,-74.92000000000002,-21.393444263058818,4.428042365616879
18,46.0,-0.27493367,-0.30039886,-0.24901594,-585.75,-382.5,-9.810713989883277,2.021462593130473,-585.75,-382.5,-21.563949349763444,4.443174779700778
18,47.0,-0.2749463,-0.27499303,-0.26917145,-305.05,-113.33999999999997,-10.663325278329886,1.4764553531780784,-305.05,-113.33999999999997,-23.43798896176909,3.245248866285417
18,47.0,-0.27633527,-0.29421407,-0.26283032,-298.47,-109.57,-10.724859244411718,1.4812203192853568,-298.47,-109.57,-23.573240619216957,3.255722261789213
18,47.0,-0.27240497,-0.30152115,-0.26082247,-292.56,-102.43,-10.761924916011253,1.4855356842600624,-292.56,-102.43,-23.654710965392734,3.2652074340036172
18,47.0,-0.26782727,-0.30737704,-0.26127863,-287.59,-94.42000000000002,-10.702181063983874,1.4908433035119968,-287.59,-94.42000000000002,-23.523393978636555,3.276873581119368
18,47.0,-0.26465979,-0.30581832,-0.26417822,-269.0,-80.88,-10.762495777836731,1.4957018677136364,-269.0,-80.88,-23.655965719685135,3.2875527052345728
18,48.0,-0.30715257,-0.21161076,-0.26986566,-154.83999999999997,-149.56,-4.680245731118204,1.2515733732486485,,,-10.287180116997813,2.750958274400529
18,48.0,-0.29945689,-0.23460816,-0.25793156,-149.82999999999998,-156.69,-4.673527491673098,1.2551644962570785,,,-10.272413426697469,2.7588515627730588
18,48.0,-0.3009896,-0.24824779,-0.24458717,-148.76,-159.52,-4.583492871938836,1.2587769838275442,,,-10.074517332521562,2.7667918104529416
18,48.0,-0.29653588,-0.25444749,-0.23922077,-187.55,-115.07,-4.635753652453967,1.2624101160515748,,,-10.189386528093818,2.774777435081362
18,48.0,-0.2938351,-0.25668308,-0.24012505,-184.60000000000002,-112.43,-4.566572621998857,1.2664327496157586,,,-10.037326623153486,2.7836191836554374
